Trait	Marker	Locus	Site	Allele	Effect	Obs
sim	0	1	88897	C	-6.6295E-1	75
sim	0	1	88897	T	-3.4138E-1	3
sim	0	1	88897	Y	0	22
sim	1	1	170386	T	-2.1773E0	89
sim	1	1	170386	Y	0	11
sim	2	1	251876	A	-6.2903E0	2
sim	2	1	251876	G	3.9245	89
sim	2	1	251876	R	0	9
sim	3	1	333365	A	0.50085	51
sim	3	1	333365	G	-4.0696E0	7
sim	3	1	333365	R	0	42
sim	4	1	414855	A	-2.6391E0	80
sim	4	1	414855	R	0	20
sim	5	1	496344	A	-5.1077E-1	56
sim	5	1	496344	G	-5.7414E0	5
sim	5	1	496344	R	0	39
sim	6	1	577834	C	-1.1376E0	53
sim	6	1	577834	T	-1.2256E0	8
sim	6	1	577834	Y	0	39
sim	7	1	659323	C	-4.539E0	10
sim	7	1	659323	T	-1.8192E0	52
sim	7	1	659323	Y	0	38
sim	8	1	740812	A	-4.8738E0	1
sim	8	1	740812	G	2.91755	77
sim	8	1	740812	R	0	22
sim	9	1	822302	C	-1.3141E0	41
sim	9	1	822302	T	-4.5376E0	16
sim	9	1	822302	Y	0	43
sim	10	1	903791	G	0.50064	78
sim	10	1	903791	T	3.07527	3
sim	10	1	903791	K	0	19
sim	11	1	985281	A	-2.1016E-1	36
sim	11	1	985281	T	-3.6749E0	16
sim	11	1	985281	W	0	48
sim	12	1	1066770	C	-1.8838E0	4
sim	12	1	1066770	G	-1.5673E0	55
sim	12	1	1066770	S	0	41
sim	13	1	1148260	+	-6.2333E0	26
sim	13	1	1148260	-	-5.093E0	28
sim	13	1	1148260	0	0	46
sim	14	1	1229749	C	0.75798	85
sim	14	1	1229749	Y	0	15
sim	15	1	1311239	A	-6.4509E0	22
sim	15	1	1311239	G	-4.4555E0	39
sim	15	1	1311239	R	0	39
sim	16	1	1392728	T	-5.1435E0	89
sim	16	1	1392728	W	0	11
sim	17	1	1474217	C	-3.902E0	3
sim	17	1	1474217	G	-2.3838E0	76
sim	17	1	1474217	S	0	21
sim	18	1	1555707	A	-3.1705E0	8
sim	18	1	1555707	G	-3.1585E0	55
sim	18	1	1555707	R	0	37
sim	19	1	1637196	A	0.09714	79
sim	19	1	1637196	C	-8.3959E0	2
sim	19	1	1637196	M	0	19
sim	20	1	1718686	C	-1.8487E1	2
sim	20	1	1718686	T	-4.1732E-2	78
sim	20	1	1718686	Y	0	20
sim	21	1	1800175	C	-4.845E-1	52
sim	21	1	1800175	T	-6.594E0	9
sim	21	1	1800175	Y	0	39
sim	22	1	1881665	C	-1.9817E-1	15
sim	22	1	1881665	T	0.82149	42
sim	22	1	1881665	Y	0	43
sim	23	1	1963154	+	-4.0649E0	90
sim	23	1	1963154	0	0	10
sim	24	1	2180524	C	-3.1799E0	80
sim	24	1	2180524	Y	0	20
sim	25	1	2397894	C	-1.2201E0	8
sim	25	1	2397894	G	-2.5493E0	49
sim	25	1	2397894	S	0	43
sim	26	1	2615265	A	0.44792	75
sim	26	1	2615265	G	-3.0025E0	2
sim	26	1	2615265	R	0	23
sim	27	1	2832635	G	-3.9984E-1	80
sim	27	1	2832635	R	0	20
sim	28	1	2969600	C	6.61264	6
sim	28	1	2969600	T	-1.6535E0	54
sim	28	1	2969600	Y	0	40
sim	29	1	3026161	C	-2.8968E0	2
sim	29	1	3026161	T	-3.1532E-2	74
sim	29	1	3026161	Y	0	24
sim	30	1	3082721	A	-4.2976E0	1
sim	30	1	3082721	G	0.18992	74
sim	30	1	3082721	R	0	25
sim	31	1	3139282	C	0.23731	48
sim	31	1	3139282	G	-7.912E-1	10
sim	31	1	3139282	S	0	42
sim	32	1	3195842	A	-1.6785E0	39
sim	32	1	3195842	C	-6.2979E0	8
sim	32	1	3195842	M	0	53
sim	33	1	3252403	G	0.14793	80
sim	33	1	3252403	R	0	20
sim	34	1	3308963	C	-4.8402E0	90
sim	34	1	3308963	Y	0	10
sim	35	1	3365524	C	-9.239E-1	82
sim	35	1	3365524	Y	0	18
sim	36	1	3422084	C	-1.4941E0	73
sim	36	1	3422084	T	0.34209	2
sim	36	1	3422084	Y	0	25
sim	37	1	3478645	G	2.5094	82
sim	37	1	3478645	K	0	18
sim	38	1	3535205	A	-4.0721E0	4
sim	38	1	3535205	G	0.44373	48
sim	38	1	3535205	R	0	48
sim	39	1	3591766	A	1.7882	17
sim	39	1	3591766	G	-1.5545E-1	41
sim	39	1	3591766	R	0	42
sim	40	1	3648326	+	-1.5773E0	70
sim	40	1	3648326	-	-2.4257E0	4
sim	40	1	3648326	0	0	26
sim	41	1	3704887	G	-2.3524E0	89
sim	41	1	3704887	K	0	11
sim	42	1	3784140	C	-5.1922E0	6
sim	42	1	3784140	T	-3.7675E0	60
sim	42	1	3784140	Y	0	34
sim	43	1	3886086	A	-8.0563E-1	2
sim	43	1	3886086	G	0.24482	63
sim	43	1	3886086	R	0	35
sim	44	1	3988033	C	-2.9583E0	3
sim	44	1	3988033	T	-1.2414E0	63
sim	44	1	3988033	Y	0	34
sim	45	1	4089979	C	1.63819	53
sim	45	1	4089979	T	-1.3744E-1	10
sim	45	1	4089979	Y	0	37
sim	46	1	4191925	T	1.5052	92
sim	46	1	4191925	W	0	8
sim	47	1	4293872	A	-5.2594E0	2
sim	47	1	4293872	G	2.83222	67
sim	47	1	4293872	R	0	31
sim	48	1	4395818	A	-1.3271E1	1
sim	48	1	4395818	C	-2.0017E0	81
sim	48	1	4395818	M	0	18
sim	49	1	4471636	C	-3.1617E-1	80
sim	49	1	4471636	Y	0	20
sim	50	1	4521325	G	1.73976	88
sim	50	1	4521325	K	0	12
sim	51	1	4571015	A	-2.5725E0	79
sim	51	1	4571015	R	0	21
sim	52	1	4620704	A	-3.5834E-1	90
sim	52	1	4620704	M	0	10
sim	53	1	4670394	C	5.58208	3
sim	53	1	4670394	G	0.90082	70
sim	53	1	4670394	S	0	27
sim	54	1	4720084	C	1.80811	43
sim	54	1	4720084	T	-2.7293E0	13
sim	54	1	4720084	Y	0	44
sim	55	1	4769773	A	-2.9755E-1	74
sim	55	1	4769773	G	1.52113	2
sim	55	1	4769773	R	0	24
sim	56	1	4819463	G	-9.2396E-2	54
sim	56	1	4819463	T	-6.1524E0	4
sim	56	1	4819463	K	0	42
sim	57	1	4869152	C	1.17427	81
sim	57	1	4869152	G	-1.6608E0	1
sim	57	1	4869152	S	0	18
sim	58	1	4918842	+	1.22729	1
sim	58	1	4918842	-	-1.8424E0	90
sim	58	1	4918842	0	0	9
sim	59	1	4968531	T	0.75496	85
sim	59	1	4968531	Y	0	15
sim	60	1	5018221	C	-4.9892E0	12
sim	60	1	5018221	T	-1.8416E0	38
sim	60	1	5018221	Y	0	50
sim	61	1	5067911	C	-5.487E-1	63
sim	61	1	5067911	T	0.8468	2
sim	61	1	5067911	Y	0	35
sim	62	1	5117600	A	10.40393	2
sim	62	1	5117600	G	-1.9023E0	75
sim	62	1	5117600	R	0	23
sim	63	1	5167290	A	-1.0241E0	36
sim	63	1	5167290	T	-1.7421E0	16
sim	63	1	5167290	W	0	48
sim	64	1	5216979	G	-4.9789E0	87
sim	64	1	5216979	K	0	13
sim	65	1	5266669	C	0.44681	75
sim	65	1	5266669	T	-1.1455E1	1
sim	65	1	5266669	Y	0	24
sim	66	1	5316358	A	-1.1122E1	1
sim	66	1	5316358	C	1.2543	73
sim	66	1	5316358	M	0	26
sim	67	1	5366048	C	-1.4162E0	15
sim	67	1	5366048	T	-2.6452E0	38
sim	67	1	5366048	Y	0	47
sim	68	1	5415738	C	-1.4514E-1	71
sim	68	1	5415738	T	-2.3105E0	4
sim	68	1	5415738	Y	0	25
sim	69	1	5465427	A	-3.3453E0	2
sim	69	1	5465427	G	-1.0659E0	74
sim	69	1	5465427	R	0	24
sim	70	1	5515117	C	3.2394	77
sim	70	1	5515117	T	-1.1347E1	2
sim	70	1	5515117	Y	0	21
sim	71	1	5564806	C	-3.0894E0	8
sim	71	1	5564806	T	1.5815	45
sim	71	1	5564806	Y	0	47
sim	72	1	5625467	C	-4.2688E-1	9
sim	72	1	5625467	T	0.55126	55
sim	72	1	5625467	Y	0	36
sim	73	1	5697098	T	-2.5268E-1	83
sim	73	1	5697098	Y	0	17
sim	74	1	5768729	C	1.5452	57
sim	74	1	5768729	T	3.45644	8
sim	74	1	5768729	Y	0	35
sim	75	1	5840360	A	5.18682	10
sim	75	1	5840360	G	-8.8151E-1	39
sim	75	1	5840360	R	0	51
sim	76	1	5911991	G	-7.3155E-1	81
sim	76	1	5911991	T	-4.3745E0	2
sim	76	1	5911991	K	0	17
sim	77	1	5983623	C	-8.6121E-1	41
sim	77	1	5983623	G	1.63909	16
sim	77	1	5983623	S	0	43
sim	78	1	6055254	A	-2.5925E0	77
sim	78	1	6055254	G	4.71306	1
sim	78	1	6055254	R	0	22
sim	79	1	6126885	A	-1.9656E0	44
sim	79	1	6126885	G	0.37231	13
sim	79	1	6126885	R	0	43
sim	80	1	6198516	C	-2.0873E-1	31
sim	80	1	6198516	T	0.39077	28
sim	80	1	6198516	Y	0	41
sim	81	1	6284826	C	-3.431E0	75
sim	81	1	6284826	T	-4.7118E0	2
sim	81	1	6284826	Y	0	23
sim	82	1	6385813	C	-5.9294E-1	6
sim	82	1	6385813	T	-3.8699E-1	66
sim	82	1	6385813	Y	0	28
sim	83	1	6486801	C	2.33187	66
sim	83	1	6486801	T	-1.2727E1	3
sim	83	1	6486801	Y	0	31
sim	84	1	6587788	A	1.12566	32
sim	84	1	6587788	G	-2.6156E-1	23
sim	84	1	6587788	R	0	45
sim	85	1	6688776	A	-1.6208E0	89
sim	85	1	6688776	R	0	11
sim	86	1	6789763	C	0.99625	80
sim	86	1	6789763	T	-1.4373E1	1
sim	86	1	6789763	Y	0	19
sim	87	1	6890751	G	1.76051	27
sim	87	1	6890751	T	-6.8141E0	20
sim	87	1	6890751	K	0	53
sim	88	1	6991738	A	0.8793	38
sim	88	1	6991738	C	-1.4979E0	14
sim	88	1	6991738	M	0	48
sim	89	1	7092726	C	5.71849	87
sim	89	1	7092726	M	0	13
sim	90	1	7193713	G	-1.7077E0	79
sim	90	1	7193713	K	0	21
sim	91	1	7298970	T	0.57926	78
sim	91	1	7298970	K	0	22
sim	92	1	7404228	A	0.35802	32
sim	92	1	7404228	C	-8.2266E-1	20
sim	92	1	7404228	M	0	48
sim	93	1	7509485	C	-3.0697E0	17
sim	93	1	7509485	T	1.19542	39
sim	93	1	7509485	Y	0	44
sim	94	1	7614742	G	1.11839	83
sim	94	1	7614742	S	0	17
sim	95	1	7719999	C	7.81239	2
sim	95	1	7719999	G	-2.9394E0	74
sim	95	1	7719999	S	0	24
sim	96	1	7825257	C	-3.0455E0	77
sim	96	1	7825257	T	3.30743	2
sim	96	1	7825257	Y	0	21
sim	97	1	7930514	A	-4.9444E0	3
sim	97	1	7930514	C	-3.7269E-1	70
sim	97	1	7930514	M	0	27
sim	98	1	8035771	A	1.77149	26
sim	98	1	8035771	G	1.33993	23
sim	98	1	8035771	R	0	51
sim	99	1	8141028	C	3.37676	2
sim	99	1	8141028	G	-2.7E0	78
sim	99	1	8141028	S	0	20
sim	100	1	8246286	A	-4.7846E0	6
sim	100	1	8246286	G	1.24737	63
sim	100	1	8246286	R	0	31
sim	101	1	8351543	A	1.18325	41
sim	101	1	8351543	G	4.08033	14
sim	101	1	8351543	R	0	45
sim	102	1	8421469	C	8.49591	2
sim	102	1	8421469	T	-3.9008E-1	73
sim	102	1	8421469	Y	0	25
sim	103	1	8489863	A	6.39931	7
sim	103	1	8489863	G	1.46426	52
sim	103	1	8489863	R	0	41
sim	104	1	8558256	A	1.95213	4
sim	104	1	8558256	C	-2.5543E0	81
sim	104	1	8558256	M	0	15
sim	105	1	8640669	A	-3.0988E0	82
sim	105	1	8640669	T	1.57314	4
sim	105	1	8640669	W	0	14
sim	106	1	8723082	A	-2.4373E0	41
sim	106	1	8723082	C	3.33908	6
sim	106	1	8723082	M	0	53
sim	107	1	8805495	C	-2.9398E0	74
sim	107	1	8805495	T	5.12328	2
sim	107	1	8805495	Y	0	24
sim	108	1	8887909	+	8.4502	2
sim	108	1	8887909	-	-5.4762E-1	69
sim	108	1	8887909	0	0	29
sim	109	1	8970322	C	1.0865	55
sim	109	1	8970322	T	-6.6791E0	5
sim	109	1	8970322	Y	0	40
sim	110	2	9052735	A	-3.2457E0	2
sim	110	2	9052735	G	2.60334	71
sim	110	2	9052735	R	0	27
sim	111	2	9152449	C	0.86074	26
sim	111	2	9152449	T	-2.0926E0	18
sim	111	2	9152449	Y	0	56
sim	112	2	9252164	A	0.91261	76
sim	112	2	9252164	T	3.22636	1
sim	112	2	9252164	W	0	23
sim	113	2	9314887	A	-1.0228E0	4
sim	113	2	9314887	G	0.76528	59
sim	113	2	9314887	R	0	37
sim	114	2	9336056	C	-5.095E0	77
sim	114	2	9336056	T	-3.7057E0	1
sim	114	2	9336056	Y	0	22
sim	115	2	9357225	C	-5.6387E-1	53
sim	115	2	9357225	G	1.67244	6
sim	115	2	9357225	S	0	41
sim	116	2	9378393	G	5.70842	89
sim	116	2	9378393	T	-6.8784E-1	2
sim	116	2	9378393	K	0	9
sim	117	2	9399562	A	0.37525	24
sim	117	2	9399562	G	0.45104	26
sim	117	2	9399562	R	0	50
sim	118	2	9420731	C	-7.3836E-2	61
sim	118	2	9420731	T	3.41642	4
sim	118	2	9420731	Y	0	35
sim	119	2	9441900	T	0.47799	93
sim	119	2	9441900	Y	0	7
sim	120	2	9463068	C	-5.5298E0	7
sim	120	2	9463068	T	-9.9255E-1	53
sim	120	2	9463068	Y	0	40
sim	121	2	9484237	C	-9.0424E-1	79
sim	121	2	9484237	G	-4.7365E0	1
sim	121	2	9484237	S	0	20
sim	122	2	9728947	C	4.48963	5
sim	122	2	9728947	T	-9.8425E-1	48
sim	122	2	9728947	Y	0	47
sim	123	2	9973657	C	-5.2003E-1	1
sim	123	2	9973657	T	-2.4576E-1	77
sim	123	2	9973657	Y	0	22
sim	124	2	10144516	A	-3.0851E0	78
sim	124	2	10144516	G	-2.478E0	1
sim	124	2	10144516	R	0	21
sim	125	2	10240686	A	-2.5596E0	4
sim	125	2	10240686	G	0.26709	75
sim	125	2	10240686	R	0	21
sim	126	2	10336856	C	-9.7815E-1	6
sim	126	2	10336856	T	-6.9072E-1	58
sim	126	2	10336856	Y	0	36
sim	127	2	10433026	A	8.83473	2
sim	127	2	10433026	G	4.83611	77
sim	127	2	10433026	R	0	21
sim	128	2	10529196	G	1.01949	83
sim	128	2	10529196	K	0	17
sim	129	2	10625367	C	-2.9456E-1	80
sim	129	2	10625367	T	-1.0573E1	2
sim	129	2	10625367	Y	0	18
sim	130	2	10721537	G	-7.4617E-1	70
sim	130	2	10721537	T	13.63381	1
sim	130	2	10721537	K	0	29
sim	131	2	10817707	C	0.88625	72
sim	131	2	10817707	T	-3.0952E0	2
sim	131	2	10817707	Y	0	26
sim	132	2	10913877	A	1.13571	2
sim	132	2	10913877	G	0.95344	78
sim	132	2	10913877	R	0	20
sim	133	2	11013433	C	2.47884	3
sim	133	2	11013433	T	-4.2007E0	78
sim	133	2	11013433	Y	0	19
sim	134	2	11116374	A	0.88858	32
sim	134	2	11116374	G	-1.0785E0	15
sim	134	2	11116374	R	0	53
sim	135	2	11219316	A	6.83289	5
sim	135	2	11219316	G	0.52911	60
sim	135	2	11219316	R	0	35
sim	136	2	11322257	A	3.29474	4
sim	136	2	11322257	T	-3.3305E0	74
sim	136	2	11322257	W	0	22
sim	137	2	11425199	C	-4.8316E0	2
sim	137	2	11425199	T	-1.889E-2	60
sim	137	2	11425199	Y	0	38
sim	138	2	11528140	C	-5.0762E0	87
sim	138	2	11528140	T	-4.2063E0	1
sim	138	2	11528140	Y	0	12
sim	139	2	11631082	A	-3.6723E0	3
sim	139	2	11631082	C	1.31352	67
sim	139	2	11631082	M	0	30
sim	140	2	11734023	A	-5.5069E-1	14
sim	140	2	11734023	T	1.07379	42
sim	140	2	11734023	W	0	44
sim	141	2	11836965	C	-3.5211E0	3
sim	141	2	11836965	G	1.68907	70
sim	141	2	11836965	S	0	27
sim	142	2	11939906	+	-5.6594E-1	4
sim	142	2	11939906	-	2.45536	71
sim	142	2	11939906	0	0	25
sim	143	2	12042848	A	1.99424	2
sim	143	2	12042848	G	1.14119	73
sim	143	2	12042848	R	0	25
sim	144	2	12145789	A	-2.3618E-1	86
sim	144	2	12145789	G	-7.8042E0	2
sim	144	2	12145789	R	0	12
sim	145	2	12248731	A	3.3149	85
sim	145	2	12248731	G	7.96134	1
sim	145	2	12248731	R	0	14
sim	146	2	12338928	C	0.2959	79
sim	146	2	12338928	G	-4.3817E-1	1
sim	146	2	12338928	S	0	20
sim	147	2	12429125	C	4.29047	75
sim	147	2	12429125	Y	0	25
sim	148	2	12519321	A	-2.0102E0	3
sim	148	2	12519321	G	0.91972	77
sim	148	2	12519321	R	0	20
sim	149	2	12609518	C	1.95338	3
sim	149	2	12609518	G	-1.7979E-1	60
sim	149	2	12609518	S	0	37
sim	150	2	12699715	C	-2.1533E-1	27
sim	150	2	12699715	G	0.4671	21
sim	150	2	12699715	S	0	52
sim	151	2	12789912	C	0.60943	29
sim	151	2	12789912	T	-2.697E0	26
sim	151	2	12789912	Y	0	45
sim	152	2	12880109	A	-2.0019E0	3
sim	152	2	12880109	C	1.1094	74
sim	152	2	12880109	M	0	23
sim	153	2	12970306	G	3.61288	74
sim	153	2	12970306	K	0	26
sim	154	2	13060502	C	2.91532	3
sim	154	2	13060502	G	-1.7739E0	62
sim	154	2	13060502	S	0	35
sim	155	2	13150699	C	-1.8824E0	61
sim	155	2	13150699	T	2.95803	3
sim	155	2	13150699	Y	0	36
sim	156	2	13240896	+	14.06363	1
sim	156	2	13240896	-	0.21637	77
sim	156	2	13240896	0	0	22
sim	157	2	13331093	A	4.14556	27
sim	157	2	13331093	G	0.01595	29
sim	157	2	13331093	R	0	44
sim	158	2	13421290	C	-1.0357E0	11
sim	158	2	13421290	T	0.60604	33
sim	158	2	13421290	Y	0	56
sim	159	2	13511487	C	0.92885	75
sim	159	2	13511487	T	6.81499	5
sim	159	2	13511487	Y	0	20
sim	160	2	13601683	C	3.51573	78
sim	160	2	13601683	T	-1.897E0	4
sim	160	2	13601683	Y	0	18
sim	161	2	13691880	C	4.31147	11
sim	161	2	13691880	T	-7.2309E-2	52
sim	161	2	13691880	Y	0	37
sim	162	2	13782077	A	1.46255	25
sim	162	2	13782077	T	0.36393	23
sim	162	2	13782077	W	0	52
sim	163	2	13872274	C	1.58731	52
sim	163	2	13872274	G	4.80143	8
sim	163	2	13872274	S	0	40
sim	164	2	13962471	A	3.55246	20
sim	164	2	13962471	C	-8.8833E-1	26
sim	164	2	13962471	M	0	54
sim	165	2	14052668	C	-5.4963E-1	85
sim	165	2	14052668	T	2.36457	1
sim	165	2	14052668	Y	0	14
sim	166	2	14142864	+	1.77338	3
sim	166	2	14142864	-	1.60489	70
sim	166	2	14142864	0	0	27
sim	167	2	14233061	C	2.19631	5
sim	167	2	14233061	T	-3.1182E0	57
sim	167	2	14233061	Y	0	38
sim	168	2	14323258	C	0.6379	17
sim	168	2	14323258	T	1.22558	40
sim	168	2	14323258	Y	0	43
sim	169	2	14413455	+	-3.2212E-1	81
sim	169	2	14413455	-	5.05348	3
sim	169	2	14413455	0	0	16
sim	170	2	14503652	A	3.482	81
sim	170	2	14503652	G	-3.8602E0	2
sim	170	2	14503652	R	0	17
sim	171	2	14593849	+	-3.8602E0	2
sim	171	2	14593849	-	3.482	81
sim	171	2	14593849	0	0	17
sim	172	2	14799189	+	-8.571E0	4
sim	172	2	14799189	-	1.16418	75
sim	172	2	14799189	0	0	21
sim	173	2	15004541	C	-4.4257E0	3
sim	173	2	15004541	G	3.78971	78
sim	173	2	15004541	S	0	19
sim	174	2	15095216	C	-1.1106E0	51
sim	174	2	15095216	T	-1.442E0	6
sim	174	2	15095216	Y	0	43
sim	175	2	15185892	C	-7.7581E-1	76
sim	175	2	15185892	T	-6.8275E-1	1
sim	175	2	15185892	Y	0	23
sim	176	2	15276567	C	-1.8371E0	61
sim	176	2	15276567	T	-4.7513E0	4
sim	176	2	15276567	Y	0	35
sim	177	2	15367242	G	-5.6665E0	1
sim	177	2	15367242	T	0.82307	90
sim	177	2	15367242	K	0	9
sim	178	2	15457918	A	2.01329	76
sim	178	2	15457918	G	-9.447E-1	4
sim	178	2	15457918	R	0	20
sim	179	2	15548593	C	0.06146	21
sim	179	2	15548593	T	1.57567	25
sim	179	2	15548593	Y	0	54
sim	180	2	15639269	G	-2.1139E0	76
sim	180	2	15639269	T	-7.2125E0	1
sim	180	2	15639269	K	0	23
sim	181	2	15729944	C	-8.4167E-1	54
sim	181	2	15729944	T	-3.6742E0	6
sim	181	2	15729944	Y	0	40
sim	182	2	15832862	A	-1.2238E0	45
sim	182	2	15832862	G	0.77899	14
sim	182	2	15832862	R	0	41
sim	183	2	15948021	A	-7.1067E0	1
sim	183	2	15948021	G	-1.5655E0	77
sim	183	2	15948021	R	0	22
sim	184	2	16063180	G	-5.3592E-1	76
sim	184	2	16063180	T	-6.5304E0	1
sim	184	2	16063180	K	0	23
sim	185	2	16178339	C	-2.7042E0	27
sim	185	2	16178339	G	-3.1637E-1	23
sim	185	2	16178339	S	0	50
sim	186	2	16293498	C	-1.6865E0	3
sim	186	2	16293498	G	-5.9177E-1	79
sim	186	2	16293498	S	0	18
sim	187	2	16408657	C	-2.0633E0	62
sim	187	2	16408657	T	-1.0935E0	3
sim	187	2	16408657	Y	0	35
sim	188	2	16523816	A	-1.4924E0	23
sim	188	2	16523816	G	1.17027	31
sim	188	2	16523816	R	0	46
sim	189	2	16716338	A	-2.9488E0	59
sim	189	2	16716338	C	0.8073	3
sim	189	2	16716338	M	0	38
sim	190	2	16986221	C	-1.5364E0	84
sim	190	2	16986221	M	0	16
sim	191	2	17256105	C	-2.315E0	63
sim	191	2	17256105	T	-5.5754E-1	4
sim	191	2	17256105	Y	0	33
sim	192	2	17525988	C	0.53558	80
sim	192	2	17525988	G	-6.1181E0	1
sim	192	2	17525988	S	0	19
sim	193	2	17686844	C	1.12768	55
sim	193	2	17686844	T	0.39944	11
sim	193	2	17686844	Y	0	34
sim	194	2	17726537	C	-4.0073E0	56
sim	194	2	17726537	T	-3.685E0	5
sim	194	2	17726537	Y	0	39
sim	195	2	17852723	G	-2.8432E-1	81
sim	195	2	17852723	T	-6.4785E0	1
sim	195	2	17852723	K	0	18
sim	196	2	18065404	A	-1.7561E-1	84
sim	196	2	18065404	C	-1.0399E0	1
sim	196	2	18065404	M	0	15
sim	197	2	18278085	+	-1.4877E0	58
sim	197	2	18278085	-	2.81243	5
sim	197	2	18278085	0	0	37
sim	198	2	18490765	A	-1.2377E0	7
sim	198	2	18490765	T	0.7346	47
sim	198	2	18490765	W	0	46
sim	199	2	18703446	G	-4.2677E0	9
sim	199	2	18703446	T	-7.2201E-1	56
sim	199	2	18703446	K	0	35
sim	200	2	18916127	C	-1.8588E1	1
sim	200	2	18916127	G	0.6286	79
sim	200	2	18916127	S	0	20
sim	201	2	19128807	+	-1.6846E0	80
sim	201	2	19128807	-	-7.151E0	1
sim	201	2	19128807	0	0	19
sim	202	2	19341488	C	0.24019	92
sim	202	2	19341488	S	0	8
sim	203	2	19554169	A	-2.5769E1	1
sim	203	2	19554169	G	-1.7332E0	73
sim	203	2	19554169	R	0	26
sim	204	2	19766850	C	-1.1808E0	31
sim	204	2	19766850	G	-8.4087E-2	11
sim	204	2	19766850	S	0	58
sim	205	3	19979530	C	0.96722	78
sim	205	3	19979530	T	-3.9665E0	2
sim	205	3	19979530	Y	0	20
sim	206	3	20192211	A	-2.8981E0	25
sim	206	3	20192211	C	-3.5154E0	30
sim	206	3	20192211	M	0	45
sim	207	3	20404892	A	0.76842	8
sim	207	3	20404892	G	1.97752	60
sim	207	3	20404892	R	0	32
sim	208	3	20617572	A	-1.0541E0	81
sim	208	3	20617572	C	-9.6696E0	1
sim	208	3	20617572	M	0	18
sim	209	3	20830253	C	-5.1446E-1	18
sim	209	3	20830253	G	-9.759E-1	36
sim	209	3	20830253	S	0	46
sim	210	3	21042934	A	-5.9897E-2	76
sim	210	3	21042934	G	-2.5042E0	2
sim	210	3	21042934	R	0	22
sim	211	3	21255614	A	2.35759	79
sim	211	3	21255614	R	0	21
sim	212	3	21468295	C	4.82745	14
sim	212	3	21468295	G	1.54746	41
sim	212	3	21468295	S	0	45
sim	213	3	21580436	+	-4.3023E0	1
sim	213	3	21580436	-	-3.2953E0	85
sim	213	3	21580436	0	0	14
sim	214	3	21692577	C	7.04752	3
sim	214	3	21692577	G	2.78315	64
sim	214	3	21692577	S	0	33
sim	215	3	21804718	C	-1.0763E0	12
sim	215	3	21804718	T	-7.2578E-1	41
sim	215	3	21804718	Y	0	47
sim	216	3	21916860	A	-1.7284E0	31
sim	216	3	21916860	G	0.538	22
sim	216	3	21916860	R	0	47
sim	217	3	22029001	A	-3.8856E0	5
sim	217	3	22029001	G	-1.1378E0	66
sim	217	3	22029001	R	0	29
sim	218	3	22141142	A	-6.2929E0	3
sim	218	3	22141142	T	-6.238E-1	71
sim	218	3	22141142	W	0	26
sim	219	3	22253283	A	1.7347	5
sim	219	3	22253283	G	-3.0901E0	64
sim	219	3	22253283	R	0	31
sim	220	3	22481737	G	0.22008	48
sim	220	3	22481737	T	-3.7923E0	12
sim	220	3	22481737	K	0	40
sim	221	3	22744495	C	1.7286	4
sim	221	3	22744495	T	-1.5452E0	53
sim	221	3	22744495	Y	0	43
sim	222	3	22987440	A	-3.6182E0	82
sim	222	3	22987440	T	-6.5794E0	2
sim	222	3	22987440	W	0	16
sim	223	3	23176587	C	-1.3074E0	41
sim	223	3	23176587	G	0.62702	14
sim	223	3	23176587	S	0	45
sim	224	3	23365734	+	-2.7786E0	2
sim	224	3	23365734	-	-2.6171E0	71
sim	224	3	23365734	0	0	27
sim	225	3	23554882	C	-5.6906E-1	77
sim	225	3	23554882	T	0.71319	3
sim	225	3	23554882	Y	0	20
sim	226	3	23744029	+	0.22312	1
sim	226	3	23744029	-	3.94824	68
sim	226	3	23744029	0	0	31
sim	227	3	23933176	C	3.09327	6
sim	227	3	23933176	G	2.59289	58
sim	227	3	23933176	S	0	36
sim	228	3	24122324	T	0.94285	83
sim	228	3	24122324	Y	0	17
sim	229	3	24311471	T	-6.4582E-1	83
sim	229	3	24311471	W	0	17
sim	230	3	24500618	C	-5.272E0	4
sim	230	3	24500618	T	-1.7202E0	73
sim	230	3	24500618	Y	0	23
sim	231	3	24689765	C	-4.5985E-1	77
sim	231	3	24689765	T	-2.3843E0	1
sim	231	3	24689765	Y	0	22
sim	232	3	24878913	G	-1.2202E0	1
sim	232	3	24878913	T	1.81337	78
sim	232	3	24878913	K	0	21
sim	233	3	25068060	A	0.11107	37
sim	233	3	25068060	G	0.55667	16
sim	233	3	25068060	R	0	47
sim	234	3	25257207	G	1.03499	77
sim	234	3	25257207	T	3.43147	1
sim	234	3	25257207	K	0	22
sim	235	3	25446355	C	8.39383	1
sim	235	3	25446355	T	-1.8348E0	71
sim	235	3	25446355	Y	0	28
sim	236	3	25635502	-	2.23231	89
sim	236	3	25635502	0	0	11
sim	237	3	25824649	C	1.88662	56
sim	237	3	25824649	T	0.34716	7
sim	237	3	25824649	Y	0	37
sim	238	3	26013797	A	-1.9967E0	1
sim	238	3	26013797	T	0.44838	78
sim	238	3	26013797	W	0	21
sim	239	3	26202944	A	4.82286	3
sim	239	3	26202944	G	-1.4947E0	66
sim	239	3	26202944	R	0	31
sim	240	3	26311183	A	-5.7917E-1	52
sim	240	3	26311183	G	-4.5541E0	4
sim	240	3	26311183	R	0	44
sim	241	3	26419422	C	-8.0867E0	9
sim	241	3	26419422	T	2.80564	50
sim	241	3	26419422	Y	0	41
sim	242	3	26527661	A	4.34489	73
sim	242	3	26527661	T	-2.3434E1	1
sim	242	3	26527661	W	0	26
sim	243	3	26635900	A	0.50114	61
sim	243	3	26635900	G	1.01787	5
sim	243	3	26635900	R	0	34
sim	244	3	26744138	G	2.32811	79
sim	244	3	26744138	R	0	21
sim	245	3	26852377	A	2.96599	80
sim	245	3	26852377	W	0	20
sim	246	3	26960616	C	0.29943	34
sim	246	3	26960616	G	-1.5623E0	14
sim	246	3	26960616	S	0	52
sim	247	3	27068855	A	-3.8967E0	2
sim	247	3	27068855	T	-6.4673E-1	74
sim	247	3	27068855	W	0	24
sim	248	3	27177094	A	-1.2446E0	79
sim	248	3	27177094	G	-4.2004E0	1
sim	248	3	27177094	R	0	20
sim	249	3	27285333	A	0.17045	77
sim	249	3	27285333	C	-3.6292E0	2
sim	249	3	27285333	M	0	21
sim	250	3	27393572	A	-3.1644E0	7
sim	250	3	27393572	G	3.00491	46
sim	250	3	27393572	R	0	47
sim	251	3	27501811	T	-1.1024E0	80
sim	251	3	27501811	Y	0	20
sim	252	3	27610049	C	-1.2427E0	80
sim	252	3	27610049	T	-3.5611E0	1
sim	252	3	27610049	Y	0	19
sim	253	3	27718288	C	0.44713	57
sim	253	3	27718288	T	-1.5477E0	5
sim	253	3	27718288	Y	0	38
sim	254	3	27826527	C	4.62016	2
sim	254	3	27826527	T	-4.8594E0	72
sim	254	3	27826527	Y	0	26
sim	255	3	27934766	G	1.78518	53
sim	255	3	27934766	T	1.2619	6
sim	255	3	27934766	K	0	41
sim	256	3	28043005	C	1.53889	81
sim	256	3	28043005	G	10.93633	1
sim	256	3	28043005	S	0	18
sim	257	3	28151244	A	2.32684	72
sim	257	3	28151244	R	0	28
sim	258	3	28259483	C	1.80804	3
sim	258	3	28259483	T	-1.6916E0	59
sim	258	3	28259483	Y	0	38
sim	259	3	28367722	C	-2.2287E0	73
sim	259	3	28367722	T	3.50408	1
sim	259	3	28367722	Y	0	26
sim	260	3	28516304	C	-3.953E0	82
sim	260	3	28516304	Y	0	18
sim	261	3	28705230	C	0.75619	61
sim	261	3	28705230	T	-2.2974E0	6
sim	261	3	28705230	Y	0	33
sim	262	3	28894157	A	3.52599	2
sim	262	3	28894157	C	3.80825	73
sim	262	3	28894157	M	0	25
sim	263	3	29083083	A	-1.1496E0	5
sim	263	3	29083083	T	-2.7809E0	52
sim	263	3	29083083	W	0	43
sim	264	3	29272009	C	-1.9566E0	60
sim	264	3	29272009	T	-6.5428E0	4
sim	264	3	29272009	Y	0	36
sim	265	3	29460935	A	-1.7688E0	1
sim	265	3	29460935	G	0.99589	80
sim	265	3	29460935	R	0	19
sim	266	3	29649861	A	5.77353	4
sim	266	3	29649861	G	-2.2043E0	56
sim	266	3	29649861	R	0	40
sim	267	3	29838788	A	-3.5264E0	2
sim	267	3	29838788	T	0.9803	76
sim	267	3	29838788	W	0	22
sim	268	3	30027714	C	0.87515	20
sim	268	3	30027714	G	0.47779	42
sim	268	3	30027714	S	0	38
sim	269	3	30216640	A	-3.3157E0	54
sim	269	3	30216640	G	-8.0454E-1	4
sim	269	3	30216640	R	0	42
sim	270	3	30405566	T	3.31277	82
sim	270	3	30405566	Y	0	18
sim	271	3	30594493	A	-1.1285E0	2
sim	271	3	30594493	G	-2.5814E0	74
sim	271	3	30594493	R	0	24
sim	272	3	30783419	A	-2.3558E0	1
sim	272	3	30783419	G	-2.6567E0	79
sim	272	3	30783419	R	0	20
sim	273	3	30972345	A	0.23475	9
sim	273	3	30972345	G	-3.0942E0	42
sim	273	3	30972345	R	0	49
sim	274	3	31161271	A	-1.8008E0	19
sim	274	3	31161271	C	0.92375	27
sim	274	3	31161271	M	0	54
sim	275	3	31350198	A	-1.2806E-1	59
sim	275	3	31350198	T	-1.6051E0	8
sim	275	3	31350198	W	0	33
sim	276	3	31539124	A	0.88458	48
sim	276	3	31539124	G	0.52108	9
sim	276	3	31539124	R	0	43
sim	277	3	31728050	A	-9.7289E-1	3
sim	277	3	31728050	G	3.37015	75
sim	277	3	31728050	R	0	22
sim	278	3	31916976	A	-1.5456E0	60
sim	278	3	31916976	G	-4.9369E0	9
sim	278	3	31916976	R	0	31
sim	279	3	32105902	G	-3.9172E0	2
sim	279	3	32105902	T	-3.4026E0	76
sim	279	3	32105902	K	0	22
sim	280	3	32294829	C	-1.1304E0	79
sim	280	3	32294829	G	-9.5939E0	3
sim	280	3	32294829	S	0	18
sim	281	3	32483755	G	-3.9795E0	2
sim	281	3	32483755	T	-3.4413E0	75
sim	281	3	32483755	K	0	23
sim	282	3	32653841	A	-7.259E0	6
sim	282	3	32653841	C	-4.9818E-1	51
sim	282	3	32653841	M	0	43
sim	283	3	32805087	G	1.54453	15
sim	283	3	32805087	T	-1.898E0	46
sim	283	3	32805087	K	0	39
sim	284	3	32956333	C	0.03233	18
sim	284	3	32956333	T	-4.9277E-1	33
sim	284	3	32956333	Y	0	49
sim	285	3	33107580	A	-1.8856E0	37
sim	285	3	33107580	G	-2.9165E0	20
sim	285	3	33107580	R	0	43
sim	286	3	33258826	C	1.07938	74
sim	286	3	33258826	T	-3.0038E-1	3
sim	286	3	33258826	Y	0	23
sim	287	3	33410072	G	-2.0305E0	65
sim	287	3	33410072	T	1.6565	7
sim	287	3	33410072	K	0	28
sim	288	3	33561318	+	0.65889	1
sim	288	3	33561318	-	1.98235	92
sim	288	3	33561318	0	0	7
sim	289	3	33712564	T	-1.7715E0	76
sim	289	3	33712564	Y	0	24
sim	290	3	33863810	C	1.66617	80
sim	290	3	33863810	T	0.47603	1
sim	290	3	33863810	Y	0	19
sim	291	3	34015057	A	-1.6303E-1	3
sim	291	3	34015057	G	3.42288	76
sim	291	3	34015057	R	0	21
sim	292	3	34166303	A	-4.4334E0	5
sim	292	3	34166303	G	-1.9031E-1	76
sim	292	3	34166303	R	0	19
sim	293	3	34673143	T	-2.3184E0	78
sim	293	3	34673143	Y	0	22
sim	294	3	34983260	A	-3.1301E0	8
sim	294	3	34983260	G	-1.3691E0	57
sim	294	3	34983260	R	0	35
sim	295	3	35293378	A	-4.6985E0	5
sim	295	3	35293378	G	-1.2164E0	74
sim	295	3	35293378	R	0	21
sim	296	3	35603495	A	6.27338	1
sim	296	3	35603495	G	-8.8532E-1	73
sim	296	3	35603495	R	0	26
sim	297	3	35913613	A	-1.4346E0	38
sim	297	3	35913613	G	-3.5759E0	19
sim	297	3	35913613	R	0	43
sim	298	3	36223730	G	-1.2309E-1	3
sim	298	3	36223730	T	2.23858	67
sim	298	3	36223730	K	0	30
sim	299	4	36533848	C	-2.2315E0	12
sim	299	4	36533848	T	-2.4138E0	40
sim	299	4	36533848	Y	0	48
sim	300	4	36843965	A	1.9875	81
sim	300	4	36843965	T	15.00263	1
sim	300	4	36843965	W	0	18
sim	301	4	37154083	A	-1.9379E0	21
sim	301	4	37154083	T	-4.2684E0	29
sim	301	4	37154083	W	0	50
sim	302	4	37464200	C	2.0001	75
sim	302	4	37464200	T	-6.7026E0	3
sim	302	4	37464200	Y	0	22
sim	303	4	37774317	C	0.00325	40
sim	303	4	37774317	T	5.28256	12
sim	303	4	37774317	Y	0	48
sim	304	4	38084435	A	-1.0692E0	10
sim	304	4	38084435	G	1.52053	45
sim	304	4	38084435	R	0	45
sim	305	4	38394552	C	2.4996	9
sim	305	4	38394552	T	1.32485	55
sim	305	4	38394552	Y	0	36
sim	306	4	38645297	A	5.17164	2
sim	306	4	38645297	G	2.68705	83
sim	306	4	38645297	R	0	15
sim	307	4	38836669	A	1.73981	10
sim	307	4	38836669	G	1.00397	54
sim	307	4	38836669	R	0	36
sim	308	4	39028040	G	-1.1715E0	85
sim	308	4	39028040	R	0	15
sim	309	4	39219412	A	-2.0431E0	39
sim	309	4	39219412	G	0.75705	13
sim	309	4	39219412	R	0	48
sim	310	4	39428843	A	6.22019	9
sim	310	4	39428843	G	-2.822E-1	44
sim	310	4	39428843	R	0	47
sim	311	4	39638275	A	0.27498	62
sim	311	4	39638275	G	3.39458	5
sim	311	4	39638275	R	0	33
sim	312	4	39847706	A	3.66555	3
sim	312	4	39847706	G	1.19535	75
sim	312	4	39847706	R	0	22
sim	313	4	40057138	+	3.76099	1
sim	313	4	40057138	-	2.00298	78
sim	313	4	40057138	0	0	21
sim	314	4	40266569	C	-4.3889E0	66
sim	314	4	40266569	T	10.05201	1
sim	314	4	40266569	Y	0	33
sim	315	4	40476001	C	3.95593	17
sim	315	4	40476001	T	-1.5492E0	33
sim	315	4	40476001	Y	0	50
sim	316	4	40685432	A	-3.8147E0	7
sim	316	4	40685432	G	3.61092	58
sim	316	4	40685432	R	0	35
sim	317	4	40894864	A	1.85753	19
sim	317	4	40894864	G	0.94541	38
sim	317	4	40894864	R	0	43
sim	318	4	41104296	C	-6.244E-1	24
sim	318	4	41104296	T	1.70996	25
sim	318	4	41104296	Y	0	51
sim	319	4	41674284	A	2.69052	80
sim	319	4	41674284	G	-1.3451E0	5
sim	319	4	41674284	R	0	15
sim	320	4	42244271	C	-2.8631E0	31
sim	320	4	42244271	G	-7.2658E-1	22
sim	320	4	42244271	S	0	47
sim	321	4	42814259	A	4.12386	93
sim	321	4	42814259	W	0	7
sim	322	4	43384246	T	-7.9912E-1	82
sim	322	4	43384246	Y	0	18
sim	323	4	43744350	C	2.2503	76
sim	323	4	43744350	T	-1.7419E0	5
sim	323	4	43744350	Y	0	19
sim	324	4	43894571	C	-2.0779E0	72
sim	324	4	43894571	G	9.2744	1
sim	324	4	43894571	S	0	27
sim	325	4	44044791	C	-2.234E0	5
sim	325	4	44044791	G	-1.9334E0	52
sim	325	4	44044791	S	0	43
sim	326	4	44195012	G	-1.7465E0	80
sim	326	4	44195012	S	0	20
sim	327	4	44373656	C	-7.8384E-1	6
sim	327	4	44373656	G	-5.7347E-1	56
sim	327	4	44373656	S	0	38
sim	328	4	44658596	A	-4.8459E-1	14
sim	328	4	44658596	C	1.12919	34
sim	328	4	44658596	M	0	52
sim	329	4	44943536	G	3.29141	90
sim	329	4	44943536	R	0	10
sim	330	4	45228475	T	-2.5956E0	80
sim	330	4	45228475	Y	0	20
sim	331	4	45513415	C	4.1794	71
sim	331	4	45513415	T	-2.2676E0	2
sim	331	4	45513415	Y	0	27
sim	332	4	45683866	C	2.2337	14
sim	332	4	45683866	T	-6.2669E-1	38
sim	332	4	45683866	Y	0	48
sim	333	4	45854317	A	-1.6411E0	6
sim	333	4	45854317	G	0.95709	61
sim	333	4	45854317	R	0	33
sim	334	4	46039382	C	-1.799E0	80
sim	334	4	46039382	S	0	20
sim	335	4	46290752	G	2.49699	86
sim	335	4	46290752	K	0	14
sim	336	4	46595208	A	-3.3462E0	18
sim	336	4	46595208	G	-9.7417E-1	32
sim	336	4	46595208	R	0	50
sim	337	4	46899663	C	-1.0608E0	78
sim	337	4	46899663	Y	0	22
sim	338	4	47204119	A	6.89572	1
sim	338	4	47204119	G	0.01715	82
sim	338	4	47204119	R	0	17
sim	339	4	47508575	G	-1.1399E0	74
sim	339	4	47508575	R	0	26
sim	340	4	47813030	C	-4.0039E0	9
sim	340	4	47813030	G	-2.9857E0	40
sim	340	4	47813030	S	0	51
sim	341	4	48117486	+	1.16373	91
sim	341	4	48117486	0	0	9
sim	342	4	48421942	A	10.93075	2
sim	342	4	48421942	G	0.19494	72
sim	342	4	48421942	R	0	26
sim	343	4	48726397	A	0.12878	30
sim	343	4	48726397	T	0.43855	30
sim	343	4	48726397	W	0	40
sim	344	4	49030853	A	-2.6373E-1	36
sim	344	4	49030853	G	1.20161	17
sim	344	4	49030853	R	0	47
sim	345	4	49335309	C	1.68219	53
sim	345	4	49335309	T	-1.001E0	13
sim	345	4	49335309	Y	0	34
sim	346	4	49639764	A	2.2199	12
sim	346	4	49639764	C	0.74844	55
sim	346	4	49639764	M	0	33
sim	347	4	49944220	A	-2.3093E0	3
sim	347	4	49944220	G	-5.7536E-2	74
sim	347	4	49944220	R	0	23
sim	348	4	50245860	+	-1.2595E1	1
sim	348	4	50245860	-	2.07682	69
sim	348	4	50245860	0	0	30
sim	349	4	50544684	C	0.15996	74
sim	349	4	50544684	T	2.86405	2
sim	349	4	50544684	Y	0	24
sim	350	4	50843507	C	-1.1384E0	37
sim	350	4	50843507	T	0.84549	12
sim	350	4	50843507	Y	0	51
sim	351	4	51142331	C	-1.3431E0	17
sim	351	4	51142331	T	0.83338	45
sim	351	4	51142331	Y	0	38
sim	352	4	51327581	G	-1.2828E0	16
sim	352	4	51327581	T	1.94921	38
sim	352	4	51327581	K	0	46
sim	353	4	51399258	C	-3.0286E0	11
sim	353	4	51399258	T	1.74481	61
sim	353	4	51399258	Y	0	28
sim	354	4	51563636	A	-1.5614E0	79
sim	354	4	51563636	G	-8.1081E0	1
sim	354	4	51563636	R	0	20
sim	355	4	51728013	C	1.03294	90
sim	355	4	51728013	M	0	10
sim	356	4	51892391	C	-2.3888E0	6
sim	356	4	51892391	T	1.65952	54
sim	356	4	51892391	Y	0	40
sim	357	4	52056768	C	9.04007	1
sim	357	4	52056768	G	1.77253	82
sim	357	4	52056768	S	0	17
sim	358	4	52221146	G	0.62596	78
sim	358	4	52221146	T	-1.8779E-1	1
sim	358	4	52221146	K	0	21
sim	359	4	52385524	C	-2.0973E0	74
sim	359	4	52385524	G	-3.183E0	2
sim	359	4	52385524	S	0	24
sim	360	4	52549901	A	0.31922	72
sim	360	4	52549901	C	-7.9689E0	1
sim	360	4	52549901	M	0	27
sim	361	4	52714279	C	-1.2219E0	79
sim	361	4	52714279	T	-3.333E0	2
sim	361	4	52714279	Y	0	19
sim	362	4	52878657	+	0.6015	79
sim	362	4	52878657	-	-2.0412E-1	1
sim	362	4	52878657	0	0	20
sim	363	4	53043034	A	2.65303	88
sim	363	4	53043034	W	0	12
sim	364	4	53207412	C	-1.8907E0	35
sim	364	4	53207412	G	-5.8068E-1	12
sim	364	4	53207412	S	0	53
sim	365	4	53371789	C	3.41103	11
sim	365	4	53371789	G	-2.1524E0	55
sim	365	4	53371789	S	0	34
sim	366	4	53536167	A	-1.3248E0	80
sim	366	4	53536167	G	-3.3778E0	2
sim	366	4	53536167	R	0	18
sim	367	4	53700545	A	-3.1789E0	37
sim	367	4	53700545	G	-2.1413E0	19
sim	367	4	53700545	R	0	44
sim	368	4	53864922	G	1.32997	84
sim	368	4	53864922	S	0	16
sim	369	4	54321820	C	-1.3499E0	74
sim	369	4	54321820	T	-1.3577E1	1
sim	369	4	54321820	Y	0	25
sim	370	4	55071238	C	1.79641	75
sim	370	4	55071238	G	2.39803	1
sim	370	4	55071238	S	0	24
sim	371	4	56076331	C	0.25925	14
sim	371	4	56076331	T	-3.2536E-2	40
sim	371	4	56076331	Y	0	46
sim	372	4	56268023	+	-1.1467E0	64
sim	372	4	56268023	-	-1.0486E1	2
sim	372	4	56268023	0	0	34
sim	373	4	56459715	C	-2.7153E-1	39
sim	373	4	56459715	T	-6.8095E-1	11
sim	373	4	56459715	Y	0	50
sim	374	4	56651407	G	-3.112E-1	59
sim	374	4	56651407	T	1.26238	3
sim	374	4	56651407	K	0	38
sim	375	4	56947226	C	-4.9403E-1	20
sim	375	4	56947226	T	-1.2407E0	33
sim	375	4	56947226	Y	0	47
sim	376	4	57347172	C	-1.7472E0	56
sim	376	4	57347172	T	-2.5786E0	4
sim	376	4	57347172	Y	0	40
sim	377	4	57747118	A	-1.8831E0	56
sim	377	4	57747118	G	-3.3396E0	5
sim	377	4	57747118	R	0	39
sim	378	4	58147064	+	0.21013	14
sim	378	4	58147064	-	-2.2208E0	36
sim	378	4	58147064	0	0	50
sim	379	4	58547011	G	1.68429	79
sim	379	4	58547011	R	0	21
sim	380	4	58946957	A	7.90142	1
sim	380	4	58946957	G	-8.5423E-1	80
sim	380	4	58946957	R	0	19
sim	381	4	59346903	A	-2.6449E0	38
sim	381	4	59346903	C	2.878	13
sim	381	4	59346903	M	0	49
sim	382	4	59746849	C	-1.8741E0	54
sim	382	4	59746849	G	-3.2098E0	4
sim	382	4	59746849	S	0	42
sim	383	4	60165124	G	-2.9697E0	8
sim	383	4	60165124	T	0.8027	62
sim	383	4	60165124	K	0	30
sim	384	4	60556302	C	2.72577	6
sim	384	4	60556302	G	-1.0408E0	52
sim	384	4	60556302	S	0	42
sim	385	4	60947481	A	-2.0028E0	5
sim	385	4	60947481	C	4.99128	50
sim	385	4	60947481	M	0	45
sim	386	4	61486673	A	-6.5197E0	1
sim	386	4	61486673	C	0.18886	83
sim	386	4	61486673	M	0	16
sim	387	4	62173878	A	0.96538	33
sim	387	4	62173878	T	-1.2968E0	28
sim	387	4	62173878	W	0	39
sim	388	4	62861084	C	0.89775	7
sim	388	4	62861084	T	0.29534	50
sim	388	4	62861084	Y	0	43
sim	389	4	63548289	A	-3.1644E-1	5
sim	389	4	63548289	G	1.69808	76
sim	389	4	63548289	R	0	19
sim	390	4	64482870	G	-6.0571E-1	94
sim	390	4	64482870	R	0	6
sim	391	4	64969651	G	1.97269	66
sim	391	4	64969651	T	-1.4347E-1	3
sim	391	4	64969651	K	0	31
sim	392	4	65456432	C	2.07798	45
sim	392	4	65456432	T	1.2944	9
sim	392	4	65456432	Y	0	46
sim	393	4	65943213	A	-6.6315E-1	49
sim	393	4	65943213	G	-1.6541E0	8
sim	393	4	65943213	R	0	43
sim	394	4	66429994	+	-4.1002E-1	77
sim	394	4	66429994	-	-6.7164E0	1
sim	394	4	66429994	0	0	22
sim	395	4	66916775	C	-4.628E0	2
sim	395	4	66916775	G	-3.1656E0	80
sim	395	4	66916775	S	0	18
sim	396	4	67403556	C	-1.7983E0	2
sim	396	4	67403556	T	0.57973	77
sim	396	4	67403556	Y	0	21
sim	397	4	67831480	A	-9.7465E0	1
sim	397	4	67831480	G	0.50581	81
sim	397	4	67831480	R	0	18
sim	398	5	68200547	G	-1.1586E-1	94
sim	398	5	68200547	K	0	6
sim	399	5	68569614	G	2.47149	35
sim	399	5	68569614	T	4.79232	19
sim	399	5	68569614	K	0	46
sim	400	5	68938681	A	1.07888	2
sim	400	5	68938681	G	-2.3603E-1	78
sim	400	5	68938681	R	0	20
sim	401	5	69307748	A	0.74002	59
sim	401	5	69307748	T	-7.3245E0	2
sim	401	5	69307748	W	0	39
sim	402	5	69676815	C	3.04252	5
sim	402	5	69676815	G	-2.2177E0	64
sim	402	5	69676815	S	0	31
sim	403	5	70045882	A	-3.487E0	30
sim	403	5	70045882	G	-5.6806E-1	21
sim	403	5	70045882	R	0	49
sim	404	5	70414949	C	2.1877	3
sim	404	5	70414949	T	-7.3882E-1	61
sim	404	5	70414949	Y	0	36
sim	405	5	70784016	-	3.83838	87
sim	405	5	70784016	0	0	13
sim	406	5	71153083	A	0.16562	17
sim	406	5	71153083	G	0.64387	33
sim	406	5	71153083	R	0	50
sim	407	5	71522150	T	2.0127	75
sim	407	5	71522150	Y	0	25
sim	408	5	71891217	A	-2.5931E-1	82
sim	408	5	71891217	T	-8.8449E0	2
sim	408	5	71891217	W	0	16
sim	409	5	72260284	A	-6.978E-1	6
sim	409	5	72260284	G	0.97013	58
sim	409	5	72260284	R	0	36
sim	410	5	72629352	A	-5.5598E-1	10
sim	410	5	72629352	G	0.92871	40
sim	410	5	72629352	R	0	50
sim	411	5	72998419	A	1.60912	1
sim	411	5	72998419	G	1.10465	93
sim	411	5	72998419	R	0	6
sim	412	5	73367486	A	1.28408	4
sim	412	5	73367486	G	-1.4348E0	64
sim	412	5	73367486	R	0	32
sim	413	5	73736553	C	-3.8833E-1	82
sim	413	5	73736553	M	0	18
sim	414	5	74105620	C	-5.7662E-1	81
sim	414	5	74105620	M	0	19
sim	415	5	74474687	G	1.91218	61
sim	415	5	74474687	T	-4.8457E0	3
sim	415	5	74474687	K	0	36
sim	416	5	74843754	C	-3.3282E-1	85
sim	416	5	74843754	G	12.08492	1
sim	416	5	74843754	S	0	14
sim	417	5	75212821	C	2.76771	67
sim	417	5	75212821	G	7.73291	4
sim	417	5	75212821	S	0	29
sim	418	5	75581888	C	1.01586	58
sim	418	5	75581888	T	2.26749	5
sim	418	5	75581888	Y	0	37
sim	419	5	75950955	G	-1.3537E0	79
sim	419	5	75950955	R	0	21
sim	420	5	76320022	C	1.86849	77
sim	420	5	76320022	T	-7.6447E-1	2
sim	420	5	76320022	Y	0	21
sim	421	5	76689089	C	1.11765	47
sim	421	5	76689089	G	-1.1872E0	8
sim	421	5	76689089	S	0	45
sim	422	5	77058156	A	1.51616	3
sim	422	5	77058156	G	-5.9663E-1	80
sim	422	5	77058156	R	0	17
sim	423	5	77561162	A	1.85888	65
sim	423	5	77561162	G	-6.1776E0	2
sim	423	5	77561162	R	0	33
sim	424	5	78198107	A	0.0583	25
sim	424	5	78198107	G	-1.6874E0	21
sim	424	5	78198107	R	0	54
sim	425	5	78835052	C	3.39629	7
sim	425	5	78835052	T	0.67634	51
sim	425	5	78835052	Y	0	42
sim	426	5	79471996	G	-6.5019E0	2
sim	426	5	79471996	T	-2.7491E0	64
sim	426	5	79471996	K	0	34
sim	427	5	80108941	C	-8.7268E-1	29
sim	427	5	80108941	T	0.47875	19
sim	427	5	80108941	Y	0	52
sim	428	5	80745886	C	0.867	62
sim	428	5	80745886	T	-4.0923E0	5
sim	428	5	80745886	Y	0	33
sim	429	5	81382830	C	0.93899	83
sim	429	5	81382830	M	0	17
sim	430	5	82019775	+	0.12115	47
sim	430	5	82019775	-	-1.0333E0	7
sim	430	5	82019775	0	0	46
sim	431	5	82371965	C	-1.9063E0	8
sim	431	5	82371965	T	0.73358	44
sim	431	5	82371965	Y	0	48
sim	432	5	82724155	C	0.99019	31
sim	432	5	82724155	T	-1.0467E0	15
sim	432	5	82724155	Y	0	54
sim	433	5	83076345	C	4.6904	3
sim	433	5	83076345	G	-1.3918E0	62
sim	433	5	83076345	S	0	35
sim	434	5	83428535	C	-2.4099E0	66
sim	434	5	83428535	G	-2.2137E0	3
sim	434	5	83428535	S	0	31
sim	435	5	83780725	C	-3.2252E0	81
sim	435	5	83780725	S	0	19
sim	436	5	84195403	A	0.85794	20
sim	436	5	84195403	G	1.24257	32
sim	436	5	84195403	R	0	48
sim	437	5	84610081	C	-1.3528E0	32
sim	437	5	84610081	T	1.95168	19
sim	437	5	84610081	Y	0	49
sim	438	5	85024759	C	3.56968	79
sim	438	5	85024759	S	0	21
sim	439	5	85439437	G	-1.8283E0	51
sim	439	5	85439437	T	-1.2591E0	10
sim	439	5	85439437	K	0	39
sim	440	5	85854115	A	0.55776	92
sim	440	5	85854115	R	0	8
sim	441	5	86268793	C	-6.8256E-1	80
sim	441	5	86268793	Y	0	20
sim	442	5	86683471	C	-1.2696E1	1
sim	442	5	86683471	T	0.66169	79
sim	442	5	86683471	Y	0	20
sim	443	5	87098149	C	0.3722	5
sim	443	5	87098149	T	2.16707	65
sim	443	5	87098149	Y	0	30
sim	444	5	87512827	C	1.27343	71
sim	444	5	87512827	T	-4.1224E-1	5
sim	444	5	87512827	Y	0	24
sim	445	5	87927505	C	-6.6175E-1	4
sim	445	5	87927505	G	0.16852	74
sim	445	5	87927505	S	0	22
sim	446	5	88342183	C	3.12586	80
sim	446	5	88342183	T	4.45141	1
sim	446	5	88342183	Y	0	19
sim	447	5	88680250	A	0.2433	25
sim	447	5	88680250	G	-2.1525E-1	23
sim	447	5	88680250	R	0	52
sim	448	5	89287852	A	1.12347	5
sim	448	5	89287852	G	-2.6848E0	55
sim	448	5	89287852	R	0	40
sim	449	5	89865513	A	-2.5811E0	55
sim	449	5	89865513	T	-4.1681E0	4
sim	449	5	89865513	W	0	41
sim	450	5	90443174	C	-5.9122E0	26
sim	450	5	90443174	T	-2.9031E0	24
sim	450	5	90443174	Y	0	50
sim	451	5	91020835	T	1.507	85
sim	451	5	91020835	Y	0	15
sim	452	5	91598496	A	0.88601	1
sim	452	5	91598496	G	0.35548	79
sim	452	5	91598496	R	0	20
sim	453	5	92176157	+	-1.3944E1	1
sim	453	5	92176157	-	-1.5129E0	76
sim	453	5	92176157	0	0	23
sim	454	5	92753818	+	0.88601	1
sim	454	5	92753818	-	0.35548	79
sim	454	5	92753818	0	0	20
sim	455	5	93331479	A	-8.1806E-1	5
sim	455	5	93331479	G	1.07946	71
sim	455	5	93331479	R	0	24
sim	456	5	93909140	C	-4.3369E0	76
sim	456	5	93909140	T	12.67535	1
sim	456	5	93909140	Y	0	23
sim	457	5	94986039	+	-1.0767E-1	78
sim	457	5	94986039	-	0.8122	1
sim	457	5	94986039	0	0	21
sim	458	5	96062938	C	-2.4862E0	76
sim	458	5	96062938	T	-6.1858E0	5
sim	458	5	96062938	Y	0	19
sim	459	5	97139837	A	-8.1173E0	1
sim	459	5	97139837	G	4.71669	79
sim	459	5	97139837	R	0	20
sim	460	5	98495930	C	-5.4256E0	37
sim	460	5	98495930	T	1.32046	12
sim	460	5	98495930	Y	0	51
sim	461	5	100131217	A	4.2438	62
sim	461	5	100131217	G	-1.1413E1	4
sim	461	5	100131217	R	0	34
sim	462	5	101766503	A	1.55681	6
sim	462	5	101766503	G	-3.0137E0	54
sim	462	5	101766503	R	0	40
sim	463	5	103241856	G	-2.746E0	77
sim	463	5	103241856	T	12.54826	1
sim	463	5	103241856	K	0	22
sim	464	5	104557078	C	-8.2551E0	1
sim	464	5	104557078	T	3.82534	78
sim	464	5	104557078	Y	0	21
sim	465	5	105872301	A	-7.6511E0	1
sim	465	5	105872301	G	4.41989	80
sim	465	5	105872301	R	0	19
sim	466	5	107365735	G	3.18193	60
sim	466	5	107365735	T	-5.2984E-2	6
sim	466	5	107365735	K	0	34
sim	467	5	110582929	G	3.90315	81
sim	467	5	110582929	S	0	19
sim	468	5	113800123	C	3.50285	18
sim	468	5	113800123	T	-1.4566E0	31
sim	468	5	113800123	Y	0	51
sim	469	5	117801682	C	0.27586	77
sim	469	5	117801682	Y	0	23
sim	470	5	129615789	G	4.18727	79
sim	470	5	129615789	S	0	21
sim	471	5	148458078	C	2.20614	26
sim	471	5	148458078	G	-3.0471E0	18
sim	471	5	148458078	S	0	56
sim	472	5	149357300	A	3.78222	5
sim	472	5	149357300	G	2.99638	64
sim	472	5	149357300	R	0	31
sim	473	5	150816131	C	2.63586	32
sim	473	5	150816131	T	0.80332	17
sim	473	5	150816131	Y	0	51
sim	474	5	152274963	-	3.04459	86
sim	474	5	152274963	0	0	14
sim	475	5	153733794	C	-2.1873E0	68
sim	475	5	153733794	T	1.52448	3
sim	475	5	153733794	Y	0	29
sim	476	5	155192626	G	0.11168	59
sim	476	5	155192626	T	2.82036	7
sim	476	5	155192626	K	0	34
sim	477	5	156651457	+	-4.4963E-1	74
sim	477	5	156651457	-	11.44329	2
sim	477	5	156651457	0	0	24
sim	478	5	158110289	G	1.1068	76
sim	478	5	158110289	R	0	24
sim	479	5	159569120	C	4.90434	88
sim	479	5	159569120	Y	0	12
sim	480	5	161027952	C	-4.3181E-1	60
sim	480	5	161027952	T	0.83297	5
sim	480	5	161027952	Y	0	35
sim	481	5	162922240	A	1.99535	11
sim	481	5	162922240	C	1.63417	37
sim	481	5	162922240	M	0	52
sim	482	5	164816528	T	0.37995	88
sim	482	5	164816528	Y	0	12
sim	483	5	166710816	A	-8.7464E-1	10
sim	483	5	166710816	G	-2.3625E-1	43
sim	483	5	166710816	R	0	47
sim	484	5	167326815	+	-5.4697E0	1
sim	484	5	167326815	-	1.11757	76
sim	484	5	167326815	0	0	23
sim	485	5	167942814	A	1.62544	76
sim	485	5	167942814	W	0	24
sim	486	5	168558813	C	-6.2647E0	5
sim	486	5	168558813	T	1.55196	48
sim	486	5	168558813	Y	0	47
sim	487	5	169174812	A	0.02754	34
sim	487	5	169174812	C	0.34231	8
sim	487	5	169174812	M	0	58
sim	488	6	169790811	C	-3.0069E0	92
sim	488	6	169790811	Y	0	8
sim	489	6	170406810	A	-1.4407E0	74
sim	489	6	170406810	G	1.12881	1
sim	489	6	170406810	R	0	25
sim	490	6	171022809	A	-1.3347E1	1
sim	490	6	171022809	C	-3.049E-1	82
sim	490	6	171022809	M	0	17
sim	491	6	171638808	A	-1.3347E1	1
sim	491	6	171638808	G	-3.049E-1	82
sim	491	6	171638808	R	0	17
sim	492	6	172254807	A	-1.1735E0	54
sim	492	6	172254807	C	-5.6184E-1	10
sim	492	6	172254807	M	0	36
sim	493	6	172870806	A	2.39916	84
sim	493	6	172870806	C	14.58121	1
sim	493	6	172870806	M	0	15
sim	494	6	173486805	G	-1.3522E0	58
sim	494	6	173486805	T	-5.2155E-1	7
sim	494	6	173486805	K	0	35
sim	495	6	174102804	A	-2.7596E0	29
sim	495	6	174102804	G	-3.4647E0	16
sim	495	6	174102804	R	0	55
sim	496	6	174718803	C	-1.194E0	48
sim	496	6	174718803	T	-4.1557E0	4
sim	496	6	174718803	Y	0	48
sim	497	6	175334802	C	-2.126E0	66
sim	497	6	175334802	T	-8.6134E0	4
sim	497	6	175334802	Y	0	30
sim	498	6	175914447	A	0.04569	56
sim	498	6	175914447	T	4.00739	3
sim	498	6	175914447	W	0	41
sim	499	6	176457738	A	-1.4723E0	76
sim	499	6	176457738	R	0	24
sim	500	6	177001029	C	-2.8343E0	88
sim	500	6	177001029	G	14.41702	1
sim	500	6	177001029	S	0	11
sim	501	6	177544320	C	0.79434	76
sim	501	6	177544320	G	-4.2306E-1	1
sim	501	6	177544320	S	0	23
sim	502	6	178087611	C	1.86081	23
sim	502	6	178087611	T	-1.6534E0	26
sim	502	6	178087611	Y	0	51
sim	503	6	178630902	A	8.66781	5
sim	503	6	178630902	G	-1.3281E0	68
sim	503	6	178630902	R	0	27
sim	504	6	179174193	+	-3.0555E0	87
sim	504	6	179174193	-	-7.0759E0	2
sim	504	6	179174193	0	0	11
sim	505	6	179717484	C	3.61143	22
sim	505	6	179717484	G	1.0053	26
sim	505	6	179717484	S	0	52
sim	506	6	180201602	C	-2.7885E0	4
sim	506	6	180201602	T	-1.3544E0	84
sim	506	6	180201602	Y	0	12
sim	507	6	180626549	G	-3.5352E0	84
sim	507	6	180626549	T	14.36618	1
sim	507	6	180626549	K	0	15
sim	508	6	181051496	A	-1.3425E0	66
sim	508	6	181051496	C	-1.5605E0	3
sim	508	6	181051496	M	0	31
sim	509	6	181476442	C	-1.6865E0	76
sim	509	6	181476442	T	-1.3554E1	1
sim	509	6	181476442	Y	0	23
sim	510	6	181901389	C	-4.6316E0	92
sim	510	6	181901389	M	0	8
sim	511	6	182326336	G	-3.4679E0	85
sim	511	6	182326336	K	0	15
sim	512	6	182719270	C	2.56585	31
sim	512	6	182719270	T	-1.9168E0	14
sim	512	6	182719270	Y	0	55
sim	513	6	183080192	A	4.21914	70
sim	513	6	183080192	T	5.511	2
sim	513	6	183080192	W	0	28
sim	514	6	183441114	A	-7.003E0	3
sim	514	6	183441114	G	-4.147E0	77
sim	514	6	183441114	R	0	20
sim	515	6	183802036	C	0.73283	56
sim	515	6	183802036	G	-1.0595E0	11
sim	515	6	183802036	S	0	33
sim	516	6	183848048	A	2.1432	6
sim	516	6	183848048	G	-1.5768E0	52
sim	516	6	183848048	R	0	42
sim	517	6	183894059	A	-3.8996E-1	6
sim	517	6	183894059	G	-1.3483E-1	51
sim	517	6	183894059	R	0	43
sim	518	6	183940071	C	-6.3818E0	6
sim	518	6	183940071	G	-2.494E0	60
sim	518	6	183940071	S	0	34
sim	519	6	183986082	G	1.87955	83
sim	519	6	183986082	R	0	17
sim	520	6	184367770	A	2.43198	53
sim	520	6	184367770	G	-2.3049E-1	10
sim	520	6	184367770	R	0	37
sim	521	6	184616441	T	0.86728	89
sim	521	6	184616441	Y	0	11
sim	522	6	184865113	C	-2.299E0	28
sim	522	6	184865113	T	-9.6683E-1	30
sim	522	6	184865113	Y	0	42
sim	523	6	185113784	C	-1.568E0	56
sim	523	6	185113784	T	-2.1567E0	3
sim	523	6	185113784	Y	0	41
sim	524	6	185362456	C	-2.7338E0	3
sim	524	6	185362456	T	-2.4938E0	74
sim	524	6	185362456	Y	0	23
sim	525	6	185611128	C	0.19533	82
sim	525	6	185611128	Y	0	18
sim	526	6	185859799	G	-1.6402E0	36
sim	526	6	185859799	T	1.82876	11
sim	526	6	185859799	K	0	53
sim	527	6	186108471	C	0.09277	47
sim	527	6	186108471	T	0.96481	12
sim	527	6	186108471	Y	0	41
sim	528	6	186357142	C	1.31829	75
sim	528	6	186357142	T	-7.7286E0	1
sim	528	6	186357142	Y	0	24
sim	529	6	186605814	+	0.22123	58
sim	529	6	186605814	-	-7.5069E-1	7
sim	529	6	186605814	0	0	35
sim	530	6	186854485	+	3.24351	54
sim	530	6	186854485	-	6.84779	4
sim	530	6	186854485	0	0	42
sim	531	6	187103157	C	-9.9077E-1	76
sim	531	6	187103157	T	3.52007	2
sim	531	6	187103157	Y	0	22
sim	532	6	187351829	A	-1.2248E1	2
sim	532	6	187351829	G	-1.813E0	77
sim	532	6	187351829	R	0	21
sim	533	6	187600500	A	-1.6944E0	10
sim	533	6	187600500	G	-1.2246E0	36
sim	533	6	187600500	R	0	54
sim	534	6	187849172	G	-2.3554E0	78
sim	534	6	187849172	R	0	22
sim	535	6	188097843	A	0.3182	10
sim	535	6	188097843	G	-3.5771E-1	37
sim	535	6	188097843	R	0	53
sim	536	6	188346515	C	-9.6911E0	5
sim	536	6	188346515	G	-9.7802E-1	54
sim	536	6	188346515	S	0	41
sim	537	6	188595186	C	1.00258	76
sim	537	6	188595186	T	-6.3921E-1	1
sim	537	6	188595186	Y	0	23
sim	538	6	188843858	A	0.05858	13
sim	538	6	188843858	G	0.33027	38
sim	538	6	188843858	R	0	49
sim	539	6	189092529	A	-9.6496E0	5
sim	539	6	189092529	G	-7.4502E-1	52
sim	539	6	189092529	R	0	43
sim	540	6	189341201	A	-4.5395E0	9
sim	540	6	189341201	C	-1.7615E0	42
sim	540	6	189341201	M	0	49
sim	541	6	189589873	C	-1.9369E0	55
sim	541	6	189589873	T	-1.8041E0	8
sim	541	6	189589873	Y	0	37
sim	542	6	189838544	-	-1.0538E0	94
sim	542	6	189838544	0	0	6
sim	543	6	190087216	-	-2.1259E0	80
sim	543	6	190087216	0	0	20
sim	544	6	190335887	A	2.12112	8
sim	544	6	190335887	C	-8.1185E-1	41
sim	544	6	190335887	M	0	51
sim	545	6	190584559	A	-4.0205E0	3
sim	545	6	190584559	G	-3.1608E0	71
sim	545	6	190584559	R	0	26
sim	546	6	190833230	C	0.65365	91
sim	546	6	190833230	T	-2.1177E0	1
sim	546	6	190833230	Y	0	8
sim	547	6	191081902	C	-6.0618E-1	43
sim	547	6	191081902	T	-4.6866E0	10
sim	547	6	191081902	Y	0	47
sim	548	6	191330573	A	-2.8853E0	24
sim	548	6	191330573	G	-1.9252E0	28
sim	548	6	191330573	R	0	48
sim	549	6	191579245	+	-1.1174E0	83
sim	549	6	191579245	-	-8.6485E0	2
sim	549	6	191579245	0	0	15
sim	550	6	191827917	A	-5.2141E-1	75
sim	550	6	191827917	G	-1.8076E0	2
sim	550	6	191827917	R	0	23
sim	551	6	192076588	G	-5.2853E-1	86
sim	551	6	192076588	T	2.22013	1
sim	551	6	192076588	K	0	13
sim	552	7	192325260	C	12.47103	1
sim	552	7	192325260	T	0.70387	73
sim	552	7	192325260	Y	0	26
sim	553	7	192573931	C	-1.4916E0	61
sim	553	7	192573931	T	-1.3873E0	7
sim	553	7	192573931	Y	0	32
sim	554	7	192822603	A	9.69594	2
sim	554	7	192822603	G	4.59776	79
sim	554	7	192822603	R	0	19
sim	555	7	193071274	A	-2.4017E0	2
sim	555	7	193071274	C	-2.0264E0	62
sim	555	7	193071274	M	0	36
sim	556	7	193319946	A	-3.5589E0	15
sim	556	7	193319946	G	1.51751	39
sim	556	7	193319946	R	0	46
sim	557	7	193568618	C	0.75499	71
sim	557	7	193568618	G	5.96127	2
sim	557	7	193568618	S	0	27
sim	558	7	193817289	G	-4.1004E0	72
sim	558	7	193817289	R	0	28
sim	559	7	194065961	G	0.41163	88
sim	559	7	194065961	T	12.46927	1
sim	559	7	194065961	K	0	11
sim	560	7	194314632	A	-1.2476E1	1
sim	560	7	194314632	G	-1.7381E0	75
sim	560	7	194314632	R	0	24
sim	561	7	194563304	C	10.0092	1
sim	561	7	194563304	G	0.75685	79
sim	561	7	194563304	S	0	20
sim	562	7	194811975	C	-3.1459E0	91
sim	562	7	194811975	T	9.92245	1
sim	562	7	194811975	Y	0	8
sim	563	7	195060647	A	2.37225	5
sim	563	7	195060647	G	0.84302	50
sim	563	7	195060647	R	0	45
sim	564	7	195309318	A	-1.2237E0	78
sim	564	7	195309318	T	-1.2518E1	1
sim	564	7	195309318	W	0	21
sim	565	7	195557990	C	0.98554	72
sim	565	7	195557990	T	-1.8809E0	3
sim	565	7	195557990	Y	0	25
sim	566	7	195760211	A	-4.1623E0	2
sim	566	7	195760211	T	1.11655	71
sim	566	7	195760211	W	0	27
sim	567	7	195962433	C	-1.126E-1	78
sim	567	7	195962433	T	-1.1901E0	1
sim	567	7	195962433	Y	0	21
sim	568	7	196164654	G	-1.4323E0	93
sim	568	7	196164654	R	0	7
sim	569	7	196366875	C	-7.0519E-1	78
sim	569	7	196366875	T	9.23023	2
sim	569	7	196366875	Y	0	20
sim	570	7	196569097	A	-5.9259E-1	58
sim	570	7	196569097	G	1.14337	5
sim	570	7	196569097	R	0	37
sim	571	7	196771318	G	0.96546	84
sim	571	7	196771318	R	0	16
sim	572	7	196973539	A	-2.7876E0	89
sim	572	7	196973539	G	4.14847	1
sim	572	7	196973539	R	0	10
sim	573	7	197161167	C	2.2956	79
sim	573	7	197161167	T	0.19049	1
sim	573	7	197161167	Y	0	20
sim	574	7	197334200	C	-1.237E0	11
sim	574	7	197334200	T	-2.3593E0	41
sim	574	7	197334200	Y	0	48
sim	575	7	197507233	A	2.52996	2
sim	575	7	197507233	C	-3.6754E0	82
sim	575	7	197507233	M	0	16
sim	576	7	197680266	C	2.52996	2
sim	576	7	197680266	T	-3.6754E0	82
sim	576	7	197680266	Y	0	16
sim	577	7	197853299	C	10.22523	1
sim	577	7	197853299	T	2.36382	71
sim	577	7	197853299	Y	0	28
sim	578	7	198026332	A	-3.3091E-1	39
sim	578	7	198026332	G	1.31259	9
sim	578	7	198026332	R	0	52
sim	579	7	198199365	G	1.86808	11
sim	579	7	198199365	T	-8.0542E-1	55
sim	579	7	198199365	K	0	34
sim	580	7	198372398	C	-4.7636E-1	83
sim	580	7	198372398	T	-1.1378E0	1
sim	580	7	198372398	Y	0	16
sim	581	7	198545431	G	-1.6494E0	89
sim	581	7	198545431	R	0	11
sim	582	7	198718464	G	0.76533	90
sim	582	7	198718464	T	-1.0079E0	2
sim	582	7	198718464	K	0	8
sim	583	7	198891498	A	5.34367	4
sim	583	7	198891498	C	0.41163	79
sim	583	7	198891498	M	0	17
sim	584	7	199064531	C	-4.1786E0	76
sim	584	7	199064531	T	-3.1712E0	3
sim	584	7	199064531	Y	0	21
sim	585	7	199237564	C	-9.0475E-1	39
sim	585	7	199237564	G	2.33443	18
sim	585	7	199237564	S	0	43
sim	586	7	199410597	A	0.14304	53
sim	586	7	199410597	G	-3.9555E-1	10
sim	586	7	199410597	R	0	37
sim	587	7	199583630	C	-2.4373E0	41
sim	587	7	199583630	T	1.57195	21
sim	587	7	199583630	Y	0	38
sim	588	7	199756663	G	1.55645	88
sim	588	7	199756663	T	-1.0297E0	1
sim	588	7	199756663	K	0	11
sim	589	7	199929696	C	-1.3585E0	52
sim	589	7	199929696	G	-6.6659E-1	7
sim	589	7	199929696	S	0	41
sim	590	7	200102729	C	1.11471	4
sim	590	7	200102729	T	-4.0716E-1	68
sim	590	7	200102729	Y	0	28
sim	591	7	200275762	+	-5.5682E-1	89
sim	591	7	200275762	-	5.53066	2
sim	591	7	200275762	0	0	9
sim	592	7	200448795	C	-2.067E0	4
sim	592	7	200448795	T	-2.2635E0	75
sim	592	7	200448795	Y	0	21
sim	593	7	200621829	G	-3.5793E0	88
sim	593	7	200621829	T	-4.8627E0	1
sim	593	7	200621829	K	0	11
sim	594	7	200794862	C	-1.3829E-1	44
sim	594	7	200794862	G	-2.7288E0	16
sim	594	7	200794862	S	0	40
sim	595	7	200967895	C	0.96524	57
sim	595	7	200967895	T	-3.713E0	7
sim	595	7	200967895	Y	0	36
sim	596	7	201140928	C	8.61487	1
sim	596	7	201140928	T	-2.0855E0	86
sim	596	7	201140928	Y	0	13
sim	597	7	201313961	A	-1.1252E0	13
sim	597	7	201313961	T	-1.7714E0	37
sim	597	7	201313961	W	0	50
sim	598	7	201486994	C	-4.4491E-1	56
sim	598	7	201486994	T	2.12244	9
sim	598	7	201486994	Y	0	35
sim	599	7	201837133	C	0.05152	30
sim	599	7	201837133	T	-3.0474E-1	29
sim	599	7	201837133	Y	0	41
sim	600	7	202187271	A	0.1009	76
sim	600	7	202187271	G	-4.238E0	3
sim	600	7	202187271	R	0	21
sim	601	7	202537410	C	-3.8363E0	1
sim	601	7	202537410	T	-2.1151E0	78
sim	601	7	202537410	Y	0	21
sim	602	7	202887549	A	2.09163	26
sim	602	7	202887549	G	1.45836	29
sim	602	7	202887549	R	0	45
sim	603	7	203237687	A	1.49862	2
sim	603	7	203237687	G	-3.5407E0	86
sim	603	7	203237687	R	0	12
sim	604	7	203587826	A	0.50696	28
sim	604	7	203587826	G	3.04279	33
sim	604	7	203587826	R	0	39
sim	605	7	204259694	C	-1.5354E0	6
sim	605	7	204259694	T	-2.0944E0	54
sim	605	7	204259694	Y	0	40
sim	606	7	204862743	C	0.31783	75
sim	606	7	204862743	T	0.81033	4
sim	606	7	204862743	Y	0	21
sim	607	7	205071965	A	-3.9715E0	8
sim	607	7	205071965	T	-1.2346E0	58
sim	607	7	205071965	W	0	34
sim	608	7	205281187	C	3.04275	84
sim	608	7	205281187	T	-9.9334E0	1
sim	608	7	205281187	Y	0	15
sim	609	7	205490408	C	3.01824	82
sim	609	7	205490408	T	-4.1327E0	2
sim	609	7	205490408	Y	0	16
sim	610	7	205699630	C	-3.7217E0	16
sim	610	7	205699630	G	-8.1627E-2	48
sim	610	7	205699630	S	0	36
sim	611	7	205908852	A	-1.6045E0	44
sim	611	7	205908852	C	0.18635	19
sim	611	7	205908852	M	0	37
sim	612	7	206118074	C	-2.6839E0	58
sim	612	7	206118074	T	-1.4126E0	7
sim	612	7	206118074	Y	0	35
sim	613	7	206327296	A	-6.3914E0	4
sim	613	7	206327296	G	-3.9331E0	77
sim	613	7	206327296	R	0	19
sim	614	7	206536518	C	-1.1493E0	79
sim	614	7	206536518	M	0	21
sim	615	7	206745740	C	-2.3191E0	5
sim	615	7	206745740	G	-3.7497E0	78
sim	615	7	206745740	S	0	17
sim	616	7	206954961	A	-3.1848E0	79
sim	616	7	206954961	G	-2.1708E0	5
sim	616	7	206954961	R	0	16
sim	617	7	207164183	G	3.20048	58
sim	617	7	207164183	T	-2.63E-1	8
sim	617	7	207164183	K	0	34
sim	618	7	207373405	+	2.14605	6
sim	618	7	207373405	-	-5.9377E-1	56
sim	618	7	207373405	0	0	38
sim	619	7	207582627	A	1.91956	5
sim	619	7	207582627	G	0.59676	58
sim	619	7	207582627	R	0	37
sim	620	7	207791849	T	2.10939	90
sim	620	7	207791849	Y	0	10
sim	621	7	208001071	G	-8.7144E-1	82
sim	621	7	208001071	K	0	18
sim	622	7	208210292	G	-6.4318E-1	80
sim	622	7	208210292	R	0	20
sim	623	7	208419514	A	1.52875	32
sim	623	7	208419514	G	-8.9281E-1	22
sim	623	7	208419514	R	0	46
sim	624	7	208628736	C	-2.2608E0	90
sim	624	7	208628736	T	-1.1449E0	1
sim	624	7	208628736	Y	0	9
sim	625	7	208854241	C	0.5038	77
sim	625	7	208854241	T	-1.1393E1	1
sim	625	7	208854241	Y	0	22
sim	626	7	209096029	C	0.78535	67
sim	626	7	209096029	T	-1.9767E0	5
sim	626	7	209096029	Y	0	28
sim	627	7	209337816	C	-1.6259E0	1
sim	627	7	209337816	T	0.36702	76
sim	627	7	209337816	Y	0	23
sim	628	7	209579604	C	1.02129	75
sim	628	7	209579604	T	-1.4615E0	1
sim	628	7	209579604	Y	0	24
sim	629	7	209821392	C	-1.3874E0	52
sim	629	7	209821392	T	-3.9315E0	5
sim	629	7	209821392	Y	0	43
sim	630	7	210063180	G	-1.924E-1	70
sim	630	7	210063180	R	0	30
sim	631	7	210304967	G	2.02331	4
sim	631	7	210304967	T	-1.4054E0	56
sim	631	7	210304967	K	0	40
sim	632	7	210546755	A	1.84082	5
sim	632	7	210546755	G	-1.2808E0	62
sim	632	7	210546755	R	0	33
sim	633	7	210788543	A	2.45308	66
sim	633	7	210788543	G	1.15387	5
sim	633	7	210788543	R	0	29
sim	634	7	211030331	T	-1.5962E0	79
sim	634	7	211030331	Y	0	21
sim	635	7	211272119	A	-2.7771E0	9
sim	635	7	211272119	T	-3.8086E0	35
sim	635	7	211272119	W	0	56
sim	636	7	211513906	T	-2.43E0	76
sim	636	7	211513906	Y	0	24
sim	637	7	211755694	C	3.44802	80
sim	637	7	211755694	G	0.99769	1
sim	637	7	211755694	S	0	19
sim	638	7	211997482	C	2.22945	79
sim	638	7	211997482	T	-2.7066E0	2
sim	638	7	211997482	Y	0	19
sim	639	7	212239270	C	-1.3272E0	90
sim	639	7	212239270	S	0	10
sim	640	8	212481057	A	0.54352	29
sim	640	8	212481057	C	0.12667	16
sim	640	8	212481057	M	0	55
sim	641	8	212722845	C	-1.4837E0	8
sim	641	8	212722845	T	-1.138E0	63
sim	641	8	212722845	Y	0	29
sim	642	8	212991310	A	1.80685	6
sim	642	8	212991310	T	2.51949	59
sim	642	8	212991310	W	0	35
sim	643	8	213071820	A	-2.6636E0	5
sim	643	8	213071820	G	1.16834	69
sim	643	8	213071820	R	0	26
sim	644	8	213152330	C	0.70343	78
sim	644	8	213152330	T	5.12646	3
sim	644	8	213152330	Y	0	19
sim	645	8	213409743	C	1.73973	3
sim	645	8	213409743	T	3.2855	71
sim	645	8	213409743	Y	0	26
sim	646	8	213667155	A	-2.5184E-1	79
sim	646	8	213667155	C	7.61725	1
sim	646	8	213667155	M	0	20
sim	647	8	213924567	C	-1.3828E0	77
sim	647	8	213924567	Y	0	23
sim	648	8	214181980	C	4.08988	92
sim	648	8	214181980	Y	0	8
sim	649	8	214439392	T	1.50502	92
sim	649	8	214439392	K	0	8
sim	650	8	214696804	C	-4.3194E0	1
sim	650	8	214696804	G	-3.8572E-1	89
sim	650	8	214696804	S	0	10
sim	651	8	214954217	C	-4.2347E0	1
sim	651	8	214954217	G	-2.626E-1	88
sim	651	8	214954217	S	0	11
sim	652	8	215211629	A	0.62072	72
sim	652	8	215211629	G	-8.3745E-1	4
sim	652	8	215211629	R	0	24
sim	653	8	215468843	G	-1.791E0	1
sim	653	8	215468843	T	-3.198E0	75
sim	653	8	215468843	K	0	24
sim	654	8	215725860	A	1.41303	11
sim	654	8	215725860	G	1.96656	55
sim	654	8	215725860	R	0	34
sim	655	8	215982877	A	-2.6402E0	1
sim	655	8	215982877	G	-2.4092E0	84
sim	655	8	215982877	R	0	15
sim	656	8	216239894	C	0.68814	35
sim	656	8	216239894	T	0.79845	24
sim	656	8	216239894	Y	0	41
sim	657	8	216496911	G	-1.9559E0	1
sim	657	8	216496911	T	1.04442	86
sim	657	8	216496911	K	0	13
sim	658	8	216753928	G	-3.4344E0	84
sim	658	8	216753928	R	0	16
sim	659	8	217010945	C	0.5017	75
sim	659	8	217010945	Y	0	25
sim	660	8	217267962	C	-1.2611E0	1
sim	660	8	217267962	G	-7.5121E-1	77
sim	660	8	217267962	S	0	22
sim	661	8	217587466	T	-4.7877E0	86
sim	661	8	217587466	K	0	14
sim	662	8	218082692	A	-3.9473E0	2
sim	662	8	218082692	G	2.52943	78
sim	662	8	218082692	R	0	20
sim	663	8	218577918	A	0.13133	76
sim	663	8	218577918	W	0	24
sim	664	8	219073144	G	0.32985	39
sim	664	8	219073144	T	1.37687	21
sim	664	8	219073144	K	0	40
sim	665	8	219568370	+	7.38131	1
sim	665	8	219568370	-	5.819	93
sim	665	8	219568370	0	0	6
sim	666	8	220063596	C	2.02346	9
sim	666	8	220063596	T	-6.0568E-1	63
sim	666	8	220063596	Y	0	28
sim	667	8	220558821	C	-5.7759E-1	5
sim	667	8	220558821	T	-3.41E-1	64
sim	667	8	220558821	Y	0	31
sim	668	8	221054047	G	-8.104E-1	77
sim	668	8	221054047	R	0	23
sim	669	8	221549273	C	0.19562	28
sim	669	8	221549273	G	0.74617	19
sim	669	8	221549273	S	0	53
sim	670	8	222044499	G	-2.5629E0	84
sim	670	8	222044499	T	-8.1488E0	2
sim	670	8	222044499	K	0	14
sim	671	8	222539725	C	-2.5852E0	95
sim	671	8	222539725	Y	0	5
sim	672	8	223034952	G	2.19616	81
sim	672	8	223034952	S	0	19
sim	673	8	223150924	A	-1.0833E0	4
sim	673	8	223150924	G	1.82003	57
sim	673	8	223150924	R	0	39
sim	674	8	223266896	A	-8.9198E0	1
sim	674	8	223266896	G	-3.213E-1	74
sim	674	8	223266896	R	0	25
sim	675	8	223382869	A	2.78822	25
sim	675	8	223382869	T	2.51938	26
sim	675	8	223382869	W	0	49
sim	676	8	223498841	A	-4.877E-1	16
sim	676	8	223498841	G	-9.2015E-1	44
sim	676	8	223498841	R	0	40
sim	677	8	223614813	A	-7.5299E-1	3
sim	677	8	223614813	G	4.29126	80
sim	677	8	223614813	R	0	17
sim	678	8	223730785	A	-2.1357E0	27
sim	678	8	223730785	G	-1.655E0	25
sim	678	8	223730785	R	0	48
sim	679	8	223846758	A	2.57998	3
sim	679	8	223846758	G	-2.6416E0	71
sim	679	8	223846758	R	0	26
sim	680	8	223962730	A	-5.9919E0	11
sim	680	8	223962730	G	-2.9657E0	46
sim	680	8	223962730	R	0	43
sim	681	8	224078702	G	-7.451E-1	2
sim	681	8	224078702	T	1.80656	80
sim	681	8	224078702	K	0	18
sim	682	8	224240537	A	-6.8709E0	6
sim	682	8	224240537	C	-1.4256E0	58
sim	682	8	224240537	M	0	36
sim	683	8	224402372	C	1.94094	33
sim	683	8	224402372	G	0.19519	23
sim	683	8	224402372	S	0	44
sim	684	8	224564208	A	-9.0585E-1	64
sim	684	8	224564208	T	-1.039E1	4
sim	684	8	224564208	W	0	32
sim	685	8	224726043	A	3.43704	4
sim	685	8	224726043	G	-9.1315E-1	73
sim	685	8	224726043	R	0	23
sim	686	8	224887878	A	1.55116	2
sim	686	8	224887878	G	0.08838	66
sim	686	8	224887878	R	0	32
sim	687	8	225049713	C	0.69145	47
sim	687	8	225049713	T	0.70084	17
sim	687	8	225049713	Y	0	36
sim	688	8	225340318	C	3.82454	5
sim	688	8	225340318	G	-1.006E0	59
sim	688	8	225340318	S	0	36
sim	689	8	225759692	A	2.45766	4
sim	689	8	225759692	G	-6.6715E-2	75
sim	689	8	225759692	R	0	21
sim	690	8	226179067	C	1.46469	39
sim	690	8	226179067	G	-8.4204E-1	17
sim	690	8	226179067	S	0	44
sim	691	8	226598441	A	-1.4491E0	3
sim	691	8	226598441	G	-4.7495E0	73
sim	691	8	226598441	R	0	24
sim	692	8	227017815	C	-1.1848E0	81
sim	692	8	227017815	G	-5.4938E0	2
sim	692	8	227017815	S	0	17
sim	693	8	227437190	G	1.01972	89
sim	693	8	227437190	K	0	11
sim	694	8	227653719	C	-4.4583E0	74
sim	694	8	227653719	G	-1.6572E0	3
sim	694	8	227653719	S	0	23
sim	695	8	227870248	A	1.0033	6
sim	695	8	227870248	G	1.71923	56
sim	695	8	227870248	R	0	38
sim	696	8	228086777	A	-9.6237E-1	26
sim	696	8	228086777	T	2.26319	29
sim	696	8	228086777	W	0	45
sim	697	8	228254601	A	1.3307	10
sim	697	8	228254601	C	-1.2712E0	53
sim	697	8	228254601	M	0	37
sim	698	8	228408957	C	-5.6609E0	1
sim	698	8	228408957	T	0.91554	86
sim	698	8	228408957	Y	0	13
sim	699	8	228563313	+	2.58599	2
sim	699	8	228563313	-	2.0078	79
sim	699	8	228563313	0	0	19
sim	700	8	228824796	+	-5.0032E0	89
sim	700	8	228824796	0	0	11
sim	701	8	229086279	G	0.57941	72
sim	701	8	229086279	T	-1.5838E1	2
sim	701	8	229086279	K	0	26
sim	702	8	229347761	C	-4.2607E0	5
sim	702	8	229347761	T	1.21333	57
sim	702	8	229347761	Y	0	38
sim	703	8	229609244	A	0.2812	55
sim	703	8	229609244	G	3.15222	3
sim	703	8	229609244	R	0	42
sim	704	8	229870727	C	-2.7689E0	70
sim	704	8	229870727	Y	0	30
sim	705	8	230132210	A	4.80575	12
sim	705	8	230132210	G	0.35912	38
sim	705	8	230132210	R	0	50
sim	706	8	230393692	C	-2.0297E0	91
sim	706	8	230393692	Y	0	9
sim	707	8	230655175	C	0.40341	73
sim	707	8	230655175	T	-1.5154E0	1
sim	707	8	230655175	Y	0	26
sim	708	8	230916658	C	4.20137	3
sim	708	8	230916658	G	0.80691	77
sim	708	8	230916658	S	0	20
sim	709	8	231178141	A	-2.1195E0	49
sim	709	8	231178141	C	-6.3423E-2	11
sim	709	8	231178141	M	0	40
sim	710	8	231439623	C	2.06292	41
sim	710	8	231439623	T	-1.7484E-1	19
sim	710	8	231439623	Y	0	40
sim	711	8	231703173	+	-1.1067E0	78
sim	711	8	231703173	-	5.45083	1
sim	711	8	231703173	0	0	21
sim	712	8	232213940	T	0.24613	87
sim	712	8	232213940	K	0	13
sim	713	8	232724707	C	1.59128	79
sim	713	8	232724707	G	-8.7209E-1	1
sim	713	8	232724707	S	0	20
sim	714	8	233235474	C	1.29414	56
sim	714	8	233235474	T	2.92271	5
sim	714	8	233235474	Y	0	39
sim	715	8	233746241	A	0.50934	6
sim	715	8	233746241	G	-1.9976E0	53
sim	715	8	233746241	R	0	41
sim	716	8	234257008	C	-2.7193E0	74
sim	716	8	234257008	M	0	26
sim	717	8	234767775	A	3.60931	2
sim	717	8	234767775	T	-1.4039E0	76
sim	717	8	234767775	W	0	22
sim	718	8	235278541	A	5.97924	11
sim	718	8	235278541	G	0.64936	32
sim	718	8	235278541	R	0	57
sim	719	9	235789308	A	-4.4305E0	2
sim	719	9	235789308	G	2.19589	74
sim	719	9	235789308	R	0	24
sim	720	9	236300075	A	1.29624	60
sim	720	9	236300075	T	-1.13E0	7
sim	720	9	236300075	W	0	33
sim	721	9	236810842	A	-1.6435E0	36
sim	721	9	236810842	T	0.44172	18
sim	721	9	236810842	W	0	46
sim	722	9	237321609	A	1.66642	2
sim	722	9	237321609	G	0.00923	85
sim	722	9	237321609	R	0	13
sim	723	9	237832376	C	0.15656	51
sim	723	9	237832376	G	0.8905	9
sim	723	9	237832376	S	0	40
sim	724	9	238343143	C	-3.0818E0	12
sim	724	9	238343143	T	-3.7696E-1	48
sim	724	9	238343143	Y	0	40
sim	725	9	238681929	A	-5.6112E0	1
sim	725	9	238681929	T	-3.6459E0	76
sim	725	9	238681929	W	0	23
sim	726	9	239020714	C	-4.5672E0	5
sim	726	9	239020714	G	-2.0928E0	59
sim	726	9	239020714	S	0	36
sim	727	9	239359500	G	-1.8458E0	9
sim	727	9	239359500	T	0.84246	40
sim	727	9	239359500	K	0	51
sim	728	9	239698285	A	0.87728	23
sim	728	9	239698285	G	0.78959	23
sim	728	9	239698285	R	0	54
sim	729	9	240037071	C	-1.2348E0	58
sim	729	9	240037071	T	2.88906	11
sim	729	9	240037071	Y	0	31
sim	730	9	240375856	G	2.76933	40
sim	730	9	240375856	T	-1.9933E0	10
sim	730	9	240375856	K	0	50
sim	731	9	240714642	C	-4.6614E0	89
sim	731	9	240714642	M	0	11
sim	732	9	241053427	C	1.2915	81
sim	732	9	241053427	T	10.59925	1
sim	732	9	241053427	Y	0	18
sim	733	9	241496179	A	-4.8977E0	16
sim	733	9	241496179	G	0.8728	41
sim	733	9	241496179	R	0	43
sim	734	9	241892240	G	1.61685	15
sim	734	9	241892240	T	1.69713	49
sim	734	9	241892240	K	0	36
sim	735	9	242288302	A	2.77768	59
sim	735	9	242288302	T	4.66866	9
sim	735	9	242288302	W	0	32
sim	736	9	242684363	T	-9.2218E-1	84
sim	736	9	242684363	W	0	16
sim	737	9	243080424	G	0.95317	76
sim	737	9	243080424	K	0	24
sim	738	9	243476486	C	-1.3721E0	49
sim	738	9	243476486	T	-8.6777E-1	12
sim	738	9	243476486	Y	0	39
sim	739	9	243872547	C	2.0494	81
sim	739	9	243872547	T	4.7557	2
sim	739	9	243872547	Y	0	17
sim	740	9	244268609	C	2.37688	69
sim	740	9	244268609	G	8.4499	2
sim	740	9	244268609	S	0	29
sim	741	9	244664670	G	8.99016	2
sim	741	9	244664670	T	3.28638	70
sim	741	9	244664670	K	0	28
sim	742	9	245060731	A	-1.0635E0	8
sim	742	9	245060731	G	2.81414	57
sim	742	9	245060731	R	0	35
sim	743	9	245456793	C	-1.334E0	91
sim	743	9	245456793	Y	0	9
sim	744	9	245852854	G	-2.3892E-1	83
sim	744	9	245852854	T	-8.0368E-1	3
sim	744	9	245852854	K	0	14
sim	745	9	246248916	A	2.12416	45
sim	745	9	246248916	G	-3.909E-2	15
sim	745	9	246248916	R	0	40
sim	746	9	246644977	A	-1.7813E0	77
sim	746	9	246644977	T	2.1885	4
sim	746	9	246644977	W	0	19
sim	747	9	247041039	A	-5.7282E-1	3
sim	747	9	247041039	G	2.59304	78
sim	747	9	247041039	R	0	19
sim	748	9	247437100	A	-6.067E-1	12
sim	748	9	247437100	G	1.79858	46
sim	748	9	247437100	R	0	42
sim	749	9	247833161	C	-2.8473E0	80
sim	749	9	247833161	T	-4.2978E0	2
sim	749	9	247833161	Y	0	18
sim	750	9	248229223	C	0.07729	84
sim	750	9	248229223	T	-2.1058E0	2
sim	750	9	248229223	Y	0	14
sim	751	9	248625284	C	1.78917	69
sim	751	9	248625284	G	-1.6369E0	3
sim	751	9	248625284	S	0	28
sim	752	9	249021346	A	-4.9078E-1	2
sim	752	9	249021346	T	1.04387	66
sim	752	9	249021346	W	0	32
sim	753	9	249417407	C	-1.0924E0	80
sim	753	9	249417407	G	0.167	3
sim	753	9	249417407	S	0	17
sim	754	9	249992821	G	-4.6134E-1	80
sim	754	9	249992821	T	-3.1439E0	1
sim	754	9	249992821	K	0	19
sim	755	9	250568234	A	0.02909	85
sim	755	9	250568234	C	7.79679	1
sim	755	9	250568234	M	0	14
sim	756	9	251143648	A	-1.8199E-1	53
sim	756	9	251143648	C	4.2236	8
sim	756	9	251143648	M	0	39
sim	757	9	251433798	A	-1.5054E0	24
sim	757	9	251433798	C	-2.8189E0	32
sim	757	9	251433798	M	0	44
sim	758	9	251723948	A	1.18011	28
sim	758	9	251723948	G	1.99394	22
sim	758	9	251723948	R	0	50
sim	759	9	252014098	C	5.56771	1
sim	759	9	252014098	G	-5.5878E-1	82
sim	759	9	252014098	S	0	17
sim	760	9	252304247	A	-1.8447E0	67
sim	760	9	252304247	G	-6.3072E-1	7
sim	760	9	252304247	R	0	26
sim	761	9	252594397	+	0.85516	94
sim	761	9	252594397	0	0	6
sim	762	9	252884547	A	-1.5013E-1	83
sim	762	9	252884547	C	5.8067	1
sim	762	9	252884547	M	0	16
sim	763	9	253063477	C	-1.2091E0	41
sim	763	9	253063477	T	-2.2359E0	15
sim	763	9	253063477	Y	0	44
sim	764	9	253131188	A	-3.0825E0	4
sim	764	9	253131188	C	-1.0485E0	63
sim	764	9	253131188	M	0	33
sim	765	9	253198898	C	-1.2142E1	1
sim	765	9	253198898	T	-1.114E0	69
sim	765	9	253198898	Y	0	30
sim	766	9	253266609	A	-1.2643E0	46
sim	766	9	253266609	G	-1.6293E0	8
sim	766	9	253266609	R	0	46
sim	767	9	253334319	G	-2.6844E0	1
sim	767	9	253334319	T	-4.3768E0	89
sim	767	9	253334319	K	0	10
sim	768	9	253402029	A	0.53294	27
sim	768	9	253402029	T	-2.2353E0	23
sim	768	9	253402029	W	0	50
sim	769	9	253469740	+	-7.3313E-1	10
sim	769	9	253469740	-	2.01045	52
sim	769	9	253469740	0	0	38
sim	770	9	253537450	G	3.25627	87
sim	770	9	253537450	R	0	13
sim	771	9	253605161	A	16.91262	1
sim	771	9	253605161	C	1.82959	85
sim	771	9	253605161	M	0	14
sim	772	9	253774731	A	-1.0311E0	74
sim	772	9	253774731	G	-1.317E0	3
sim	772	9	253774731	R	0	23
sim	773	9	254046161	C	-5.9953E-1	84
sim	773	9	254046161	T	-4.6469E0	2
sim	773	9	254046161	Y	0	14
sim	774	9	254317591	C	-5.9953E-1	84
sim	774	9	254317591	T	-4.6469E0	2
sim	774	9	254317591	Y	0	14
sim	775	9	254589021	C	0.33111	40
sim	775	9	254589021	T	1.75565	14
sim	775	9	254589021	Y	0	46
sim	776	9	254860451	+	-6.1713E0	3
sim	776	9	254860451	-	-2.0118E0	78
sim	776	9	254860451	0	0	19
sim	777	9	255131880	A	-5.4998E-1	1
sim	777	9	255131880	G	-1.2974E0	81
sim	777	9	255131880	R	0	18
sim	778	9	255403310	A	-2.0924E0	77
sim	778	9	255403310	G	-6.175E0	3
sim	778	9	255403310	R	0	20
sim	779	9	255674740	G	1.4798	76
sim	779	9	255674740	R	0	24
sim	780	9	255946170	G	1.0639	77
sim	780	9	255946170	S	0	23
sim	781	9	256217600	A	-2.0924E0	77
sim	781	9	256217600	G	-6.175E0	3
sim	781	9	256217600	R	0	20
sim	782	9	256489030	+	-4.1511E0	1
sim	782	9	256489030	-	-5.1879E0	88
sim	782	9	256489030	0	0	11
sim	783	9	256513832	C	1.4394	77
sim	783	9	256513832	S	0	23
sim	784	9	256850178	+	-5.7661E0	2
sim	784	9	256850178	-	-3.6155E0	81
sim	784	9	256850178	0	0	17
sim	785	9	257186525	C	1.95644	62
sim	785	9	257186525	G	4.37141	6
sim	785	9	257186525	S	0	32
sim	786	9	257421935	C	-4.9791E-2	79
sim	786	9	257421935	T	4.49366	2
sim	786	9	257421935	Y	0	19
sim	787	9	257657345	C	-8.6733E-1	11
sim	787	9	257657345	T	-1.8816E0	40
sim	787	9	257657345	Y	0	49
sim	788	9	257892756	C	-2.5364E0	55
sim	788	9	257892756	T	-2.4978E-1	4
sim	788	9	257892756	Y	0	41
sim	789	9	258128166	A	0.77323	74
sim	789	9	258128166	G	-3.9961E0	1
sim	789	9	258128166	R	0	25
sim	790	9	258363576	C	-3.652E0	54
sim	790	9	258363576	T	-4.8853E-1	9
sim	790	9	258363576	Y	0	37
sim	791	9	258455586	C	-6.2944E-1	8
sim	791	9	258455586	T	2.12685	54
sim	791	9	258455586	Y	0	38
sim	792	9	258547596	A	-8.9271E0	1
sim	792	9	258547596	T	-3.1433E0	78
sim	792	9	258547596	W	0	21
sim	793	9	258639607	A	1.40741	4
sim	793	9	258639607	G	-1.4471E0	60
sim	793	9	258639607	R	0	36
sim	794	9	258731617	A	3.05996	4
sim	794	9	258731617	G	-1.0946E0	72
sim	794	9	258731617	R	0	24
sim	795	9	258823627	A	0.98889	79
sim	795	9	258823627	G	-5.5459E0	2
sim	795	9	258823627	R	0	19
sim	796	9	258915637	C	-2.2019E0	75
sim	796	9	258915637	T	-3.0918E-1	1
sim	796	9	258915637	Y	0	24
sim	797	9	259007647	G	0.1629	10
sim	797	9	259007647	T	2.81283	52
sim	797	9	259007647	K	0	38
sim	798	10	259099657	C	5.15121	80
sim	798	10	259099657	T	12.82887	1
sim	798	10	259099657	Y	0	19
sim	799	10	259191668	C	2.20005	70
sim	799	10	259191668	T	-6.7544E0	1
sim	799	10	259191668	Y	0	29
sim	800	10	259283678	G	0.66506	69
sim	800	10	259283678	R	0	31
sim	801	10	259375688	A	0.29401	77
sim	801	10	259375688	R	0	23
sim	802	10	259776146	G	2.67831	42
sim	802	10	259776146	T	0.96792	14
sim	802	10	259776146	K	0	44
sim	803	10	260176605	C	0.49242	69
sim	803	10	260176605	Y	0	31
sim	804	10	260577063	G	-6.3181E-2	70
sim	804	10	260577063	R	0	30
sim	805	10	260977522	G	1.44595	90
sim	805	10	260977522	R	0	10
sim	806	10	262168484	G	0.26712	77
sim	806	10	262168484	R	0	23
sim	807	10	262389139	+	-1.8662E-1	1
sim	807	10	262389139	-	-7.7418E-2	71
sim	807	10	262389139	0	0	28
sim	808	10	262609794	G	0.11439	77
sim	808	10	262609794	R	0	23
sim	809	10	262816257	C	-9.7128E-1	80
sim	809	10	262816257	T	2.88492	3
sim	809	10	262816257	Y	0	17
sim	810	10	263008530	+	3.78653	2
sim	810	10	263008530	-	-6.7468E-1	80
sim	810	10	263008530	0	0	18
sim	811	10	263200803	A	-1.8616E0	53
sim	811	10	263200803	C	0.88183	6
sim	811	10	263200803	M	0	41
sim	812	10	263730821	+	-9.6026E-1	7
sim	812	10	263730821	-	-1.424E0	53
sim	812	10	263730821	0	0	40
sim	813	10	263985002	A	-3.5716E0	1
sim	813	10	263985002	G	1.1288	86
sim	813	10	263985002	R	0	13
sim	814	10	264239182	G	0.31927	87
sim	814	10	264239182	K	0	13
sim	815	10	264493363	A	-9.1459E-2	57
sim	815	10	264493363	C	-5.8562E0	5
sim	815	10	264493363	M	0	38
sim	816	10	264747544	+	-2.3251E0	86
sim	816	10	264747544	-	4.08605	1
sim	816	10	264747544	0	0	13
sim	817	10	265001724	C	-1.8567E0	93
sim	817	10	265001724	T	-5.7152E0	1
sim	817	10	265001724	Y	0	6
sim	818	10	265255905	C	-2.5911E0	40
sim	818	10	265255905	T	-1.1418E0	15
sim	818	10	265255905	Y	0	45
sim	819	10	265510085	G	-3.9426E-1	86
sim	819	10	265510085	S	0	14
sim	820	10	265764266	C	0.54909	67
sim	820	10	265764266	T	2.42106	6
sim	820	10	265764266	Y	0	27
sim	821	10	266018446	C	-4.3977E-1	7
sim	821	10	266018446	T	-3.5187E0	48
sim	821	10	266018446	Y	0	45
sim	822	10	266272627	G	2.55053	18
sim	822	10	266272627	T	0.0222	30
sim	822	10	266272627	K	0	52
sim	823	10	266526808	A	1.17462	8
sim	823	10	266526808	G	-7.9582E-1	57
sim	823	10	266526808	R	0	35
sim	824	10	266780988	A	-2.9114E0	2
sim	824	10	266780988	C	-1.4906E0	75
sim	824	10	266780988	M	0	23
sim	825	10	267035169	C	-5.9867E-1	50
sim	825	10	267035169	T	-3.0621E0	8
sim	825	10	267035169	Y	0	42
sim	826	10	267289349	A	0.0574	28
sim	826	10	267289349	G	-4.1822E0	24
sim	826	10	267289349	R	0	48
sim	827	10	267543530	C	-3.1395E0	88
sim	827	10	267543530	M	0	12
sim	828	10	267797711	C	-5.0799E-2	1
sim	828	10	267797711	T	0.27428	76
sim	828	10	267797711	Y	0	23
sim	829	10	268051891	G	-9.4574E-2	73
sim	829	10	268051891	R	0	27
sim	830	10	268306072	A	3.65643	24
sim	830	10	268306072	G	0.27013	27
sim	830	10	268306072	R	0	49
sim	831	10	268560252	A	-1.608E0	4
sim	831	10	268560252	C	1.96976	72
sim	831	10	268560252	M	0	24
sim	832	10	268814433	G	1.92225	81
sim	832	10	268814433	R	0	19
sim	833	10	269068613	+	1.44814	2
sim	833	10	269068613	-	0.30163	60
sim	833	10	269068613	0	0	38
sim	834	10	269322794	G	4.81168	26
sim	834	10	269322794	T	1.94815	23
sim	834	10	269322794	K	0	51
sim	835	10	269872390	A	4.02067	26
sim	835	10	269872390	T	2.85944	23
sim	835	10	269872390	W	0	51
sim	836	10	270418769	A	9.58545	1
sim	836	10	270418769	G	-8.9879E-1	70
sim	836	10	270418769	R	0	29
sim	837	10	270965149	G	1.91244	8
sim	837	10	270965149	T	0.50869	48
sim	837	10	270965149	K	0	44
sim	838	10	271225201	G	1.23062	75
sim	838	10	271225201	T	0.64225	1
sim	838	10	271225201	K	0	24
sim	839	10	271485253	+	1.72801	7
sim	839	10	271485253	-	0.3316	51
sim	839	10	271485253	0	0	42
sim	840	10	271745305	G	-2.4835E0	89
sim	840	10	271745305	S	0	11
sim	841	10	272005357	A	0.66955	75
sim	841	10	272005357	C	3.87199	3
sim	841	10	272005357	M	0	22
sim	842	10	272265410	A	1.14255	8
sim	842	10	272265410	G	0.84427	55
sim	842	10	272265410	R	0	37
sim	843	10	272525462	C	-1.1027E1	1
sim	843	10	272525462	T	-2.8812E0	69
sim	843	10	272525462	Y	0	30
sim	844	10	272785514	C	1.20724	52
sim	844	10	272785514	T	1.16578	8
sim	844	10	272785514	Y	0	40
sim	845	10	273045566	A	-8.6385E-1	12
sim	845	10	273045566	G	-1.41E0	41
sim	845	10	273045566	R	0	47
sim	846	10	273305618	+	3.27566	74
sim	846	10	273305618	-	-1.0732E0	2
sim	846	10	273305618	0	0	24
sim	847	10	273487121	C	-4.4941E-1	28
sim	847	10	273487121	T	-1.1032E0	20
sim	847	10	273487121	Y	0	52
sim	848	10	273668623	C	0.33667	5
sim	848	10	273668623	T	1.24882	60
sim	848	10	273668623	Y	0	35
sim	849	10	273850126	A	-1.0093E0	2
sim	849	10	273850126	G	4.00023	75
sim	849	10	273850126	R	0	23
sim	850	10	274031628	A	3.75232	7
sim	850	10	274031628	T	0.51945	54
sim	850	10	274031628	W	0	39
sim	851	10	274213131	A	-2.5504E0	50
sim	851	10	274213131	T	3.29102	8
sim	851	10	274213131	W	0	42
sim	852	10	274394634	A	-8.3393E-2	50
sim	852	10	274394634	G	2.78011	5
sim	852	10	274394634	R	0	45
sim	853	10	274576136	C	-4.3228E0	2
sim	853	10	274576136	T	-1.775E0	69
sim	853	10	274576136	Y	0	29
sim	854	10	274757639	G	-7.2287E-1	4
sim	854	10	274757639	T	1.81772	64
sim	854	10	274757639	K	0	32
sim	855	10	274939142	G	3.36883	90
sim	855	10	274939142	R	0	10
sim	856	10	275120644	A	3.21593	85
sim	856	10	275120644	C	0.53037	1
sim	856	10	275120644	M	0	14
sim	857	10	275302147	C	4.38941	84
sim	857	10	275302147	Y	0	16
sim	858	10	275483649	C	0.07426	49
sim	858	10	275483649	T	-1.4825E0	7
sim	858	10	275483649	Y	0	44
sim	859	10	275665152	C	-1.7204E0	71
sim	859	10	275665152	T	-7.3523E-1	3
sim	859	10	275665152	Y	0	26
sim	860	10	275846655	A	-2.7796E-2	30
sim	860	10	275846655	G	1.64174	23
sim	860	10	275846655	R	0	47
sim	861	10	276028157	A	-1.2377E0	21
sim	861	10	276028157	G	0.28991	27
sim	861	10	276028157	R	0	52
sim	862	10	276209660	A	-2.9178E0	51
sim	862	10	276209660	C	-3.2921E0	13
sim	862	10	276209660	M	0	36
sim	863	10	276330385	A	0.15091	74
sim	863	10	276330385	G	-9.6673E0	1
sim	863	10	276330385	R	0	25
sim	864	10	276451108	A	-6.9795E0	4
sim	864	10	276451108	C	0.19037	67
sim	864	10	276451108	M	0	29
sim	865	10	276571832	C	-9.4339E0	1
sim	865	10	276571832	T	0.66548	73
sim	865	10	276571832	Y	0	26
