chr	cM_pos
1	-4.8
1	-4.6
1	-4.4
1	-4.2
1	-4.0
1	-3.8
1	-3.6
1	-3.4
1	-3.2
1	-3.0
1	-2.8
1	-2.6
1	-2.4
1	-2.2
1	-2.0
1	-1.8
1	-1.6
1	-1.4
1	-1.2
1	-1.0
1	-0.8
1	-0.6
1	-0.4
1	-0.2
1	0.0
1	0.2
1	0.4
1	0.6
1	0.8
1	1.0
1	1.2
1	1.4
1	1.6
1	1.8
1	2.0
1	2.2
1	2.4
1	2.6
1	2.8
1	3.0
1	3.2
1	3.4
1	3.6
1	3.8
1	4.0
1	4.2
1	4.4
1	4.6
1	4.8
1	5.0
1	5.2
1	5.4
1	5.6
1	5.8
1	6.0
1	6.2
1	6.4
1	6.6
1	6.8
1	7.0
1	7.2
1	7.4
1	7.6
1	7.8
1	8.0
1	8.2
1	8.4
1	8.6
1	8.8
1	9.0
1	9.2
1	9.4
1	9.6
1	9.8
1	10.0
1	10.2
1	10.4
1	10.6
1	10.8
1	11.0
1	11.2
1	11.4
1	11.6
1	11.8
1	12.0
1	12.2
1	12.4
1	12.6
1	12.8
1	13.0
1	13.2
1	13.4
1	13.6
1	13.8
1	14.0
1	14.2
1	14.4
1	14.6
1	14.8
1	15.0
1	15.2
1	15.4
1	15.6
1	15.8
1	16.0
1	16.2
1	16.4
1	16.6
1	16.8
1	17.0
1	17.2
1	17.4
1	17.6
1	17.8
1	18.0
1	18.2
1	18.4
1	18.6
1	18.8
1	19.0
1	19.2
1	19.4
1	19.6
1	19.8
1	20.0
1	20.2
1	20.4
1	20.6
1	20.8
1	21.0
1	21.2
1	21.4
1	21.6
1	21.8
1	22.0
1	22.2
1	22.4
1	22.6
1	22.8
1	23.0
1	23.2
1	23.4
1	23.6
1	23.8
1	24.0
1	24.2
1	24.4
1	24.6
1	24.8
1	25.0
1	25.2
1	25.4
1	25.6
1	25.8
1	26.0
1	26.2
1	26.4
1	26.6
1	26.8
1	27.0
1	27.2
1	27.4
1	27.6
1	27.8
1	28.0
1	28.2
1	28.4
1	28.6
1	28.8
1	29.0
1	29.2
1	29.4
1	29.6
1	29.8
1	30.0
1	30.2
1	30.4
1	30.6
1	30.8
1	31.0
1	31.2
1	31.4
1	31.6
1	31.8
1	32.0
1	32.2
1	32.4
1	32.6
1	32.8
1	33.0
1	33.2
1	33.4
1	33.6
1	33.8
1	34.0
1	34.2
1	34.4
1	34.6
1	34.8
1	35.0
1	35.2
1	35.4
1	35.6
1	35.8
1	36.0
1	36.2
1	36.4
1	36.6
1	36.8
1	37.0
1	37.2
1	37.4
1	37.6
1	37.8
1	38.0
1	38.2
1	38.4
1	38.6
1	38.8
1	39.0
1	39.2
1	39.4
1	39.6
1	39.8
1	40.0
1	40.2
1	40.4
1	40.6
1	40.8
1	41.0
1	41.2
1	41.4
1	41.6
1	41.8
1	42.0
1	42.2
1	42.4
1	42.6
1	42.8
1	43.0
1	43.2
1	43.4
1	43.6
1	43.8
1	44.0
1	44.2
1	44.4
1	44.6
1	44.8
1	45.0
1	45.2
1	45.4
1	45.6
1	45.8
1	46.0
1	46.2
1	46.4
1	46.6
1	46.8
1	47.0
1	47.2
1	47.4
1	47.6
1	47.8
1	48.0
1	48.2
1	48.4
1	48.6
1	48.8
1	49.0
1	49.2
1	49.4
1	49.6
1	49.8
1	50.0
1	50.2
1	50.4
1	50.6
1	50.8
1	51.0
1	51.2
1	51.4
1	51.6
1	51.8
1	52.0
1	52.2
1	52.4
1	52.6
1	52.8
1	53.0
1	53.2
1	53.4
1	53.6
1	53.8
1	54.0
1	54.2
1	54.4
1	54.6
1	54.8
1	55.0
1	55.2
1	55.4
1	55.6
1	55.8
1	56.0
1	56.2
1	56.4
1	56.6
1	56.8
1	57.0
1	57.2
1	57.4
1	57.6
1	57.8
1	58.0
1	58.2
1	58.4
1	58.6
1	58.8
1	59.0
1	59.2
1	59.4
1	59.6
1	59.8
1	60.0
1	60.2
1	60.4
1	60.6
1	60.8
1	61.0
1	61.2
1	61.4
1	61.6
1	61.8
1	62.0
1	62.2
1	62.4
1	62.6
1	62.8
1	63.0
1	63.2
1	63.4
1	63.6
1	63.8
1	64.0
1	64.2
1	64.4
1	64.6
1	64.8
1	65.0
1	65.2
1	65.4
1	65.6
1	65.8
1	66.0
1	66.2
1	66.4
1	66.6
1	66.8
1	67.0
1	67.2
1	67.4
1	67.6
1	67.8
1	68.0
1	68.2
1	68.4
1	68.6
1	68.8
1	69.0
1	69.2
1	69.4
1	69.6
1	69.8
1	70.0
1	70.2
1	70.4
1	70.6
1	70.8
1	71.0
1	71.2
1	71.4
1	71.6
1	71.8
1	72.0
1	72.2
1	72.4
1	72.6
1	72.8
1	73.0
1	73.2
1	73.4
1	73.6
1	73.8
1	74.0
1	74.2
1	74.4
1	74.6
1	74.8
1	75.0
1	75.2
1	75.4
1	75.6
1	75.8
1	76.0
1	76.2
1	76.4
1	76.6
1	76.8
1	77.0
1	77.2
1	77.4
1	77.6
1	77.8
1	78.0
1	78.2
1	78.4
1	78.6
1	78.8
1	79.0
1	79.2
1	79.4
1	79.6
1	79.8
1	80.0
1	80.2
1	80.4
1	80.6
1	80.8
1	81.0
1	81.2
1	81.4
1	81.6
1	81.8
1	82.0
1	82.2
1	82.4
1	82.6
1	82.8
1	83.0
1	83.2
1	83.4
1	83.6
1	83.8
1	84.0
1	84.2
1	84.4
1	84.6
1	84.8
1	85.0
1	85.2
1	85.4
1	85.6
1	85.8
1	86.0
1	86.2
1	86.4
1	86.6
1	86.8
1	87.0
1	87.2
1	87.4
1	87.6
1	87.8
1	88.0
1	88.2
1	88.4
1	88.6
1	88.8
1	89.0
1	89.2
1	89.4
1	89.6
1	89.8
1	90.0
1	90.2
1	90.4
1	90.6
1	90.8
1	91.0
1	91.2
1	91.4
1	91.6
1	91.8
1	92.0
1	92.2
1	92.4
1	92.6
1	92.8
1	93.0
1	93.2
1	93.4
1	93.6
1	93.8
1	94.0
1	94.2
1	94.4
1	94.6
1	94.8
1	95.0
1	95.2
1	95.4
1	95.6
1	95.8
1	96.0
1	96.2
1	96.4
1	96.6
1	96.8
1	97.0
1	97.2
1	97.4
1	97.6
1	97.8
1	98.0
1	98.2
1	98.4
1	98.6
1	98.8
1	99.0
1	99.2
1	99.4
1	99.6
1	99.8
1	100.0
1	100.2
1	100.4
1	100.6
1	100.8
1	101.0
1	101.2
1	101.4
1	101.6
1	101.8
1	102.0
1	102.2
1	102.4
1	102.6
1	102.8
1	103.0
1	103.2
1	103.4
1	103.6
1	103.8
1	104.0
1	104.2
1	104.4
1	104.6
1	104.8
1	105.0
1	105.2
1	105.4
1	105.6
1	105.8
1	106.0
1	106.2
1	106.4
1	106.6
1	106.8
1	107.0
1	107.2
1	107.4
1	107.6
1	107.8
1	108.0
1	108.2
1	108.4
1	108.6
1	108.8
1	109.0
1	109.2
1	109.4
1	109.6
1	109.8
1	110.0
1	110.2
1	110.4
1	110.6
1	110.8
1	111.0
1	111.2
1	111.4
1	111.6
1	111.8
1	112.0
1	112.2
1	112.4
1	112.6
1	112.8
1	113.0
1	113.2
1	113.4
1	113.6
1	113.8
1	114.0
1	114.2
1	114.4
1	114.6
1	114.8
1	115.0
1	115.2
1	115.4
1	115.6
1	115.8
1	116.0
1	116.2
1	116.4
1	116.6
1	116.8
1	117.0
1	117.2
1	117.4
1	117.6
1	117.8
1	118.0
1	118.2
1	118.4
1	118.6
1	118.8
1	119.0
1	119.2
1	119.4
1	119.6
1	119.8
1	120.0
1	120.2
1	120.4
1	120.6
1	120.8
1	121.0
1	121.2
1	121.4
1	121.6
1	121.8
1	122.0
1	122.2
1	122.4
1	122.6
1	122.8
1	123.0
1	123.2
1	123.4
1	123.6
1	123.8
1	124.0
1	124.2
1	124.4
1	124.6
1	124.8
1	125.0
1	125.2
1	125.4
1	125.6
1	125.8
1	126.0
1	126.2
1	126.4
1	126.6
1	126.8
1	127.0
1	127.2
1	127.4
1	127.6
1	127.8
1	128.0
1	128.2
1	128.4
1	128.6
1	128.8
1	129.0
1	129.2
1	129.4
1	129.6
1	129.8
1	130.0
1	130.2
1	130.4
1	130.6
1	130.8
1	131.0
1	131.2
1	131.4
1	131.6
1	131.8
1	132.0
1	132.2
1	132.4
1	132.6
1	132.8
1	133.0
1	133.2
1	133.4
1	133.6
1	133.8
1	134.0
1	134.2
1	134.4
1	134.6
1	134.8
1	135.0
1	135.2
1	135.4
1	135.6
1	135.8
1	136.0
1	136.2
1	136.4
1	136.6
1	136.8
1	137.0
1	137.2
1	137.4
1	137.6
1	137.8
1	138.0
1	138.2
1	138.4
1	138.6
1	138.8
1	139.0
1	139.2
1	139.4
1	139.6
1	139.8
1	140.0
1	140.2
1	140.4
1	140.6
1	140.8
1	141.0
1	141.2
1	141.4
1	141.6
1	141.8
1	142.0
1	142.2
1	142.4
1	142.6
1	142.8
1	143.0
1	143.2
1	143.4
1	143.6
1	143.8
1	144.0
1	144.2
1	144.4
1	144.6
1	144.8
1	145.0
1	145.2
1	145.4
1	145.6
1	145.8
1	146.0
1	146.2
1	146.4
1	146.6
1	146.8
1	147.0
1	147.2
1	147.4
1	147.6
1	147.8
1	148.0
1	148.2
1	148.4
1	148.6
1	148.8
1	149.0
1	149.2
1	149.4
1	149.6
1	149.8
1	150.0
1	150.2
1	150.4
1	150.6
1	150.8
1	151.0
1	151.2
1	151.4
1	151.6
1	151.8
1	152.0
1	152.2
1	152.4
1	152.6
1	152.8
1	153.0
1	153.2
1	153.4
1	153.6
1	153.8
1	154.0
1	154.2
1	154.4
1	154.6
1	154.8
1	155.0
1	155.2
1	155.4
1	155.6
1	155.8
1	156.0
1	156.2
1	156.4
1	156.6
1	156.8
1	157.0
1	157.2
1	157.4
1	157.6
1	157.8
1	158.0
1	158.2
1	158.4
1	158.6
1	158.8
1	159.0
1	159.2
1	159.4
1	159.6
1	159.8
1	160.0
1	160.2
1	160.4
1	160.6
1	160.8
1	161.0
1	161.2
1	161.4
1	161.6
1	161.8
1	162.0
1	162.2
1	162.4
1	162.6
1	162.8
1	163.0
1	163.2
1	163.4
1	163.6
1	163.8
1	164.0
1	164.2
1	164.4
1	164.6
1	164.8
1	165.0
1	165.2
1	165.4
1	165.6
1	165.8
1	166.0
1	166.2
1	166.4
1	166.6
1	166.8
1	167.0
1	167.2
1	167.4
1	167.6
1	167.8
1	168.0
1	168.2
1	168.4
1	168.6
1	168.8
1	169.0
1	169.2
1	169.4
1	169.6
1	169.8
1	170.0
1	170.2
1	170.4
1	170.6
1	170.8
1	171.0
1	171.2
1	171.4
1	171.6
1	171.8
1	172.0
1	172.2
1	172.4
1	172.6
1	172.8
1	173.0
1	173.2
1	173.4
1	173.6
1	173.8
1	174.0
1	174.2
1	174.4
1	174.6
1	174.8
1	175.0
1	175.2
1	175.4
1	175.6
1	175.8
1	176.0
1	176.2
1	176.4
1	176.6
1	176.8
1	177.0
1	177.2
1	177.4
1	177.6
1	177.8
1	178.0
1	178.2
1	178.4
1	178.6
1	178.8
1	179.0
1	179.2
1	179.4
1	179.6
1	179.8
1	180.0
1	180.2
1	180.4
1	180.6
1	180.8
1	181.0
1	181.2
1	181.4
1	181.6
1	181.8
1	182.0
1	182.2
1	182.4
1	182.6
1	182.8
1	183.0
1	183.2
1	183.4
1	183.6
1	183.8
1	184.0
1	184.2
1	184.4
1	184.6
1	184.8
1	185.0
1	185.2
1	185.4
1	185.6
1	185.8
1	186.0
1	186.2
1	186.4
1	186.6
1	186.8
1	187.0
1	187.2
1	187.4
1	187.6
1	187.8
1	188.0
1	188.2
1	188.4
1	188.6
1	188.8
1	189.0
1	189.2
1	189.4
1	189.6
1	189.8
1	190.0
1	190.2
1	190.4
1	190.6
1	190.8
1	191.0
1	191.2
1	191.4
1	191.6
1	191.8
1	192.0
1	192.2
1	192.4
1	192.6
1	192.8
1	193.0
1	193.2
1	193.4
1	193.6
1	193.8
1	194.0
1	194.2
1	194.4
1	194.6
1	194.8
1	195.0
1	195.2
1	195.4
1	195.6
1	195.8
1	196.0
1	196.2
1	196.4
1	196.6
1	196.8
1	197.0
1	197.2
1	197.4
1	197.6
1	197.8
1	198.0
1	198.2
1	198.4
1	198.6
1	198.8
1	199.0
1	199.2
1	199.4
1	199.6
1	199.8
1	200.0
1	200.2
1	200.4
1	200.6
1	200.8
1	201.0
1	201.2
1	201.4
1	201.6
1	201.8
1	202.0
1	202.2
1	202.4
1	202.6
1	202.8
1	203.0
1	203.2
1	203.4
1	203.6
1	203.8
1	204.0
1	204.2
1	204.4
1	204.6
1	204.8
1	205.0
1	205.2
1	205.4
1	205.6
2	-3.6
2	-3.4
2	-3.2
2	-3.0
2	-2.8
2	-2.6
2	-2.4
2	-2.2
2	-2.0
2	-1.8
2	-1.6
2	-1.4
2	-1.2
2	-1.0
2	-0.8
2	-0.6
2	-0.4
2	-0.2
2	0.0
2	0.2
2	0.4
2	0.6
2	0.8
2	1.0
2	1.2
2	1.4
2	1.6
2	1.8
2	2.0
2	2.2
2	2.4
2	2.6
2	2.8
2	3.0
2	3.2
2	3.4
2	3.6
2	3.8
2	4.0
2	4.2
2	4.4
2	4.6
2	4.8
2	5.0
2	5.2
2	5.4
2	5.6
2	5.8
2	6.0
2	6.2
2	6.4
2	6.6
2	6.8
2	7.0
2	7.2
2	7.4
2	7.6
2	7.8
2	8.0
2	8.2
2	8.4
2	8.6
2	8.8
2	9.0
2	9.2
2	9.4
2	9.6
2	9.8
2	10.0
2	10.2
2	10.4
2	10.6
2	10.8
2	11.0
2	11.2
2	11.4
2	11.6
2	11.8
2	12.0
2	12.2
2	12.4
2	12.6
2	12.8
2	13.0
2	13.2
2	13.4
2	13.6
2	13.8
2	14.0
2	14.2
2	14.4
2	14.6
2	14.8
2	15.0
2	15.2
2	15.4
2	15.6
2	15.8
2	16.0
2	16.2
2	16.4
2	16.6
2	16.8
2	17.0
2	17.2
2	17.4
2	17.6
2	17.8
2	18.0
2	18.2
2	18.4
2	18.6
2	18.8
2	19.0
2	19.2
2	19.4
2	19.6
2	19.8
2	20.0
2	20.2
2	20.4
2	20.6
2	20.8
2	21.0
2	21.2
2	21.4
2	21.6
2	21.8
2	22.0
2	22.2
2	22.4
2	22.6
2	22.8
2	23.0
2	23.2
2	23.4
2	23.6
2	23.8
2	24.0
2	24.2
2	24.4
2	24.6
2	24.8
2	25.0
2	25.2
2	25.4
2	25.6
2	25.8
2	26.0
2	26.2
2	26.4
2	26.6
2	26.8
2	27.0
2	27.2
2	27.4
2	27.6
2	27.8
2	28.0
2	28.2
2	28.4
2	28.6
2	28.8
2	29.0
2	29.2
2	29.4
2	29.6
2	29.8
2	30.0
2	30.2
2	30.4
2	30.6
2	30.8
2	31.0
2	31.2
2	31.4
2	31.6
2	31.8
2	32.0
2	32.2
2	32.4
2	32.6
2	32.8
2	33.0
2	33.2
2	33.4
2	33.6
2	33.8
2	34.0
2	34.2
2	34.4
2	34.6
2	34.8
2	35.0
2	35.2
2	35.4
2	35.6
2	35.8
2	36.0
2	36.2
2	36.4
2	36.6
2	36.8
2	37.0
2	37.2
2	37.4
2	37.6
2	37.8
2	38.0
2	38.2
2	38.4
2	38.6
2	38.8
2	39.0
2	39.2
2	39.4
2	39.6
2	39.8
2	40.0
2	40.2
2	40.4
2	40.6
2	40.8
2	41.0
2	41.2
2	41.4
2	41.6
2	41.8
2	42.0
2	42.2
2	42.4
2	42.6
2	42.8
2	43.0
2	43.2
2	43.4
2	43.6
2	43.8
2	44.0
2	44.2
2	44.4
2	44.6
2	44.8
2	45.0
2	45.2
2	45.4
2	45.6
2	45.8
2	46.0
2	46.2
2	46.4
2	46.6
2	46.8
2	47.0
2	47.2
2	47.4
2	47.6
2	47.8
2	48.0
2	48.2
2	48.4
2	48.6
2	48.8
2	49.0
2	49.2
2	49.4
2	49.6
2	49.8
2	50.0
2	50.2
2	50.4
2	50.6
2	50.8
2	51.0
2	51.2
2	51.4
2	51.6
2	51.8
2	52.0
2	52.2
2	52.4
2	52.6
2	52.8
2	53.0
2	53.2
2	53.4
2	53.6
2	53.8
2	54.0
2	54.2
2	54.4
2	54.6
2	54.8
2	55.0
2	55.2
2	55.4
2	55.6
2	55.8
2	56.0
2	56.2
2	56.4
2	56.6
2	56.8
2	57.0
2	57.2
2	57.4
2	57.6
2	57.8
2	58.0
2	58.2
2	58.4
2	58.6
2	58.8
2	59.0
2	59.2
2	59.4
2	59.6
2	59.8
2	60.0
2	60.2
2	60.4
2	60.6
2	60.8
2	61.0
2	61.2
2	61.4
2	61.6
2	61.8
2	62.0
2	62.2
2	62.4
2	62.6
2	62.8
2	63.0
2	63.2
2	63.4
2	63.6
2	63.8
2	64.0
2	64.2
2	64.4
2	64.6
2	64.8
2	65.0
2	65.2
2	65.4
2	65.6
2	65.8
2	66.0
2	66.2
2	66.4
2	66.6
2	66.8
2	67.0
2	67.2
2	67.4
2	67.6
2	67.8
2	68.0
2	68.2
2	68.4
2	68.6
2	68.8
2	69.0
2	69.2
2	69.4
2	69.6
2	69.8
2	70.0
2	70.2
2	70.4
2	70.6
2	70.8
2	71.0
2	71.2
2	71.4
2	71.6
2	71.8
2	72.0
2	72.2
2	72.4
2	72.6
2	72.8
2	73.0
2	73.2
2	73.4
2	73.6
2	73.8
2	74.0
2	74.2
2	74.4
2	74.6
2	74.8
2	75.0
2	75.2
2	75.4
2	75.6
2	75.8
2	76.0
2	76.2
2	76.4
2	76.6
2	76.8
2	77.0
2	77.2
2	77.4
2	77.6
2	77.8
2	78.0
2	78.2
2	78.4
2	78.6
2	78.8
2	79.0
2	79.2
2	79.4
2	79.6
2	79.8
2	80.0
2	80.2
2	80.4
2	80.6
2	80.8
2	81.0
2	81.2
2	81.4
2	81.6
2	81.8
2	82.0
2	82.2
2	82.4
2	82.6
2	82.8
2	83.0
2	83.2
2	83.4
2	83.6
2	83.8
2	84.0
2	84.2
2	84.4
2	84.6
2	84.8
2	85.0
2	85.2
2	85.4
2	85.6
2	85.8
2	86.0
2	86.2
2	86.4
2	86.6
2	86.8
2	87.0
2	87.2
2	87.4
2	87.6
2	87.8
2	88.0
2	88.2
2	88.4
2	88.6
2	88.8
2	89.0
2	89.2
2	89.4
2	89.6
2	89.8
2	90.0
2	90.2
2	90.4
2	90.6
2	90.8
2	91.0
2	91.2
2	91.4
2	91.6
2	91.8
2	92.0
2	92.2
2	92.4
2	92.6
2	92.8
2	93.0
2	93.2
2	93.4
2	93.6
2	93.8
2	94.0
2	94.2
2	94.4
2	94.6
2	94.8
2	95.0
2	95.2
2	95.4
2	95.6
2	95.8
2	96.0
2	96.2
2	96.4
2	96.6
2	96.8
2	97.0
2	97.2
2	97.4
2	97.6
2	97.8
2	98.0
2	98.2
2	98.4
2	98.6
2	98.8
2	99.0
2	99.2
2	99.4
2	99.6
2	99.8
2	100.0
2	100.2
2	100.4
2	100.6
2	100.8
2	101.0
2	101.2
2	101.4
2	101.6
2	101.8
2	102.0
2	102.2
2	102.4
2	102.6
2	102.8
2	103.0
2	103.2
2	103.4
2	103.6
2	103.8
2	104.0
2	104.2
2	104.4
2	104.6
2	104.8
2	105.0
2	105.2
2	105.4
2	105.6
2	105.8
2	106.0
2	106.2
2	106.4
2	106.6
2	106.8
2	107.0
2	107.2
2	107.4
2	107.6
2	107.8
2	108.0
2	108.2
2	108.4
2	108.6
2	108.8
2	109.0
2	109.2
2	109.4
2	109.6
2	109.8
2	110.0
2	110.2
2	110.4
2	110.6
2	110.8
2	111.0
2	111.2
2	111.4
2	111.6
2	111.8
2	112.0
2	112.2
2	112.4
2	112.6
2	112.8
2	113.0
2	113.2
2	113.4
2	113.6
2	113.8
2	114.0
2	114.2
2	114.4
2	114.6
2	114.8
2	115.0
2	115.2
2	115.4
2	115.6
2	115.8
2	116.0
2	116.2
2	116.4
2	116.6
2	116.8
2	117.0
2	117.2
2	117.4
2	117.6
2	117.8
2	118.0
2	118.2
2	118.4
2	118.6
2	118.8
2	119.0
2	119.2
2	119.4
2	119.6
2	119.8
2	120.0
2	120.2
2	120.4
2	120.6
2	120.8
2	121.0
2	121.2
2	121.4
2	121.6
2	121.8
2	122.0
2	122.2
2	122.4
2	122.6
2	122.8
2	123.0
2	123.2
2	123.4
2	123.6
2	123.8
2	124.0
2	124.2
2	124.4
2	124.6
2	124.8
2	125.0
2	125.2
2	125.4
2	125.6
2	125.8
2	126.0
2	126.2
2	126.4
2	126.6
2	126.8
2	127.0
2	127.2
2	127.4
2	127.6
2	127.8
2	128.0
2	128.2
2	128.4
2	128.6
2	128.8
2	129.0
2	129.2
2	129.4
2	129.6
2	129.8
2	130.0
2	130.2
2	130.4
2	130.6
2	130.8
2	131.0
2	131.2
2	131.4
2	131.6
2	131.8
2	132.0
2	132.2
2	132.4
2	132.6
2	132.8
2	133.0
2	133.2
2	133.4
2	133.6
2	133.8
2	134.0
2	134.2
2	134.4
2	134.6
2	134.8
2	135.0
2	135.2
2	135.4
2	135.6
2	135.8
2	136.0
2	136.2
2	136.4
2	136.6
2	136.8
2	137.0
2	137.2
2	137.4
2	137.6
2	137.8
2	138.0
2	138.2
2	138.4
2	138.6
2	138.8
2	139.0
2	139.2
2	139.4
2	139.6
2	139.8
2	140.0
2	140.2
2	140.4
2	140.6
2	140.8
2	141.0
2	141.2
2	141.4
2	141.6
2	141.8
2	142.0
2	142.2
2	142.4
2	142.6
2	142.8
2	143.0
2	143.2
2	143.4
2	143.6
2	143.8
2	144.0
2	144.2
2	144.4
2	144.6
2	144.8
2	145.0
2	145.2
2	145.4
2	145.6
2	145.8
2	146.0
2	146.2
2	146.4
2	146.6
2	146.8
2	147.0
2	147.2
2	147.4
2	147.6
2	147.8
2	148.0
2	148.2
2	148.4
2	148.6
2	148.8
2	149.0
2	149.2
2	149.4
2	149.6
2	149.8
2	150.0
2	150.2
2	150.4
2	150.6
2	150.8
2	151.0
2	151.2
2	151.4
2	151.6
2	151.8
2	152.0
2	152.2
2	152.4
2	152.6
2	152.8
2	153.0
2	153.2
2	153.4
2	153.6
2	153.8
2	154.0
2	154.2
2	154.4
2	154.6
2	154.8
2	155.0
2	155.2
2	155.4
2	155.6
2	155.8
2	156.0
2	156.2
2	156.4
2	156.6
2	156.8
2	157.0
2	157.2
2	157.4
2	157.6
3	-5.2
3	-5.0
3	-4.8
3	-4.6
3	-4.4
3	-4.2
3	-4.0
3	-3.8
3	-3.6
3	-3.4
3	-3.2
3	-3.0
3	-2.8
3	-2.6
3	-2.4
3	-2.2
3	-2.0
3	-1.8
3	-1.6
3	-1.4
3	-1.2
3	-1.0
3	-0.8
3	-0.6
3	-0.4
3	-0.2
3	0.0
3	0.2
3	0.4
3	0.6
3	0.8
3	1.0
3	1.2
3	1.4
3	1.6
3	1.8
3	2.0
3	2.2
3	2.4
3	2.6
3	2.8
3	3.0
3	3.2
3	3.4
3	3.6
3	3.8
3	4.0
3	4.2
3	4.4
3	4.6
3	4.8
3	5.0
3	5.2
3	5.4
3	5.6
3	5.8
3	6.0
3	6.2
3	6.4
3	6.6
3	6.8
3	7.0
3	7.2
3	7.4
3	7.6
3	7.8
3	8.0
3	8.2
3	8.4
3	8.6
3	8.8
3	9.0
3	9.2
3	9.4
3	9.6
3	9.8
3	10.0
3	10.2
3	10.4
3	10.6
3	10.8
3	11.0
3	11.2
3	11.4
3	11.6
3	11.8
3	12.0
3	12.2
3	12.4
3	12.6
3	12.8
3	13.0
3	13.2
3	13.4
3	13.6
3	13.8
3	14.0
3	14.2
3	14.4
3	14.6
3	14.8
3	15.0
3	15.2
3	15.4
3	15.6
3	15.8
3	16.0
3	16.2
3	16.4
3	16.6
3	16.8
3	17.0
3	17.2
3	17.4
3	17.6
3	17.8
3	18.0
3	18.2
3	18.4
3	18.6
3	18.8
3	19.0
3	19.2
3	19.4
3	19.6
3	19.8
3	20.0
3	20.2
3	20.4
3	20.6
3	20.8
3	21.0
3	21.2
3	21.4
3	21.6
3	21.8
3	22.0
3	22.2
3	22.4
3	22.6
3	22.8
3	23.0
3	23.2
3	23.4
3	23.6
3	23.8
3	24.0
3	24.2
3	24.4
3	24.6
3	24.8
3	25.0
3	25.2
3	25.4
3	25.6
3	25.8
3	26.0
3	26.2
3	26.4
3	26.6
3	26.8
3	27.0
3	27.2
3	27.4
3	27.6
3	27.8
3	28.0
3	28.2
3	28.4
3	28.6
3	28.8
3	29.0
3	29.2
3	29.4
3	29.6
3	29.8
3	30.0
3	30.2
3	30.4
3	30.6
3	30.8
3	31.0
3	31.2
3	31.4
3	31.6
3	31.8
3	32.0
3	32.2
3	32.4
3	32.6
3	32.8
3	33.0
3	33.2
3	33.4
3	33.6
3	33.8
3	34.0
3	34.2
3	34.4
3	34.6
3	34.8
3	35.0
3	35.2
3	35.4
3	35.6
3	35.8
3	36.0
3	36.2
3	36.4
3	36.6
3	36.8
3	37.0
3	37.2
3	37.4
3	37.6
3	37.8
3	38.0
3	38.2
3	38.4
3	38.6
3	38.8
3	39.0
3	39.2
3	39.4
3	39.6
3	39.8
3	40.0
3	40.2
3	40.4
3	40.6
3	40.8
3	41.0
3	41.2
3	41.4
3	41.6
3	41.8
3	42.0
3	42.2
3	42.4
3	42.6
3	42.8
3	43.0
3	43.2
3	43.4
3	43.6
3	43.8
3	44.0
3	44.2
3	44.4
3	44.6
3	44.8
3	45.0
3	45.2
3	45.4
3	45.6
3	45.8
3	46.0
3	46.2
3	46.4
3	46.6
3	46.8
3	47.0
3	47.2
3	47.4
3	47.6
3	47.8
3	48.0
3	48.2
3	48.4
3	48.6
3	48.8
3	49.0
3	49.2
3	49.4
3	49.6
3	49.8
3	50.0
3	50.2
3	50.4
3	50.6
3	50.8
3	51.0
3	51.2
3	51.4
3	51.6
3	51.8
3	52.0
3	52.2
3	52.4
3	52.6
3	52.8
3	53.0
3	53.2
3	53.4
3	53.6
3	53.8
3	54.0
3	54.2
3	54.4
3	54.6
3	54.8
3	55.0
3	55.2
3	55.4
3	55.6
3	55.8
3	56.0
3	56.2
3	56.4
3	56.6
3	56.8
3	57.0
3	57.2
3	57.4
3	57.6
3	57.8
3	58.0
3	58.2
3	58.4
3	58.6
3	58.8
3	59.0
3	59.2
3	59.4
3	59.6
3	59.8
3	60.0
3	60.2
3	60.4
3	60.6
3	60.8
3	61.0
3	61.2
3	61.4
3	61.6
3	61.8
3	62.0
3	62.2
3	62.4
3	62.6
3	62.8
3	63.0
3	63.2
3	63.4
3	63.6
3	63.8
3	64.0
3	64.2
3	64.4
3	64.6
3	64.8
3	65.0
3	65.2
3	65.4
3	65.6
3	65.8
3	66.0
3	66.2
3	66.4
3	66.6
3	66.8
3	67.0
3	67.2
3	67.4
3	67.6
3	67.8
3	68.0
3	68.2
3	68.4
3	68.6
3	68.8
3	69.0
3	69.2
3	69.4
3	69.6
3	69.8
3	70.0
3	70.2
3	70.4
3	70.6
3	70.8
3	71.0
3	71.2
3	71.4
3	71.6
3	71.8
3	72.0
3	72.2
3	72.4
3	72.6
3	72.8
3	73.0
3	73.2
3	73.4
3	73.6
3	73.8
3	74.0
3	74.2
3	74.4
3	74.6
3	74.8
3	75.0
3	75.2
3	75.4
3	75.6
3	75.8
3	76.0
3	76.2
3	76.4
3	76.6
3	76.8
3	77.0
3	77.2
3	77.4
3	77.6
3	77.8
3	78.0
3	78.2
3	78.4
3	78.6
3	78.8
3	79.0
3	79.2
3	79.4
3	79.6
3	79.8
3	80.0
3	80.2
3	80.4
3	80.6
3	80.8
3	81.0
3	81.2
3	81.4
3	81.6
3	81.8
3	82.0
3	82.2
3	82.4
3	82.6
3	82.8
3	83.0
3	83.2
3	83.4
3	83.6
3	83.8
3	84.0
3	84.2
3	84.4
3	84.6
3	84.8
3	85.0
3	85.2
3	85.4
3	85.6
3	85.8
3	86.0
3	86.2
3	86.4
3	86.6
3	86.8
3	87.0
3	87.2
3	87.4
3	87.6
3	87.8
3	88.0
3	88.2
3	88.4
3	88.6
3	88.8
3	89.0
3	89.2
3	89.4
3	89.6
3	89.8
3	90.0
3	90.2
3	90.4
3	90.6
3	90.8
3	91.0
3	91.2
3	91.4
3	91.6
3	91.8
3	92.0
3	92.2
3	92.4
3	92.6
3	92.8
3	93.0
3	93.2
3	93.4
3	93.6
3	93.8
3	94.0
3	94.2
3	94.4
3	94.6
3	94.8
3	95.0
3	95.2
3	95.4
3	95.6
3	95.8
3	96.0
3	96.2
3	96.4
3	96.6
3	96.8
3	97.0
3	97.2
3	97.4
3	97.6
3	97.8
3	98.0
3	98.2
3	98.4
3	98.6
3	98.8
3	99.0
3	99.2
3	99.4
3	99.6
3	99.8
3	100.0
3	100.2
3	100.4
3	100.6
3	100.8
3	101.0
3	101.2
3	101.4
3	101.6
3	101.8
3	102.0
3	102.2
3	102.4
3	102.6
3	102.8
3	103.0
3	103.2
3	103.4
3	103.6
3	103.8
3	104.0
3	104.2
3	104.4
3	104.6
3	104.8
3	105.0
3	105.2
3	105.4
3	105.6
3	105.8
3	106.0
3	106.2
3	106.4
3	106.6
3	106.8
3	107.0
3	107.2
3	107.4
3	107.6
3	107.8
3	108.0
3	108.2
3	108.4
3	108.6
3	108.8
3	109.0
3	109.2
3	109.4
3	109.6
3	109.8
3	110.0
3	110.2
3	110.4
3	110.6
3	110.8
3	111.0
3	111.2
3	111.4
3	111.6
3	111.8
3	112.0
3	112.2
3	112.4
3	112.6
3	112.8
3	113.0
3	113.2
3	113.4
3	113.6
3	113.8
3	114.0
3	114.2
3	114.4
3	114.6
3	114.8
3	115.0
3	115.2
3	115.4
3	115.6
3	115.8
3	116.0
3	116.2
3	116.4
3	116.6
3	116.8
3	117.0
3	117.2
3	117.4
3	117.6
3	117.8
3	118.0
3	118.2
3	118.4
3	118.6
3	118.8
3	119.0
3	119.2
3	119.4
3	119.6
3	119.8
3	120.0
3	120.2
3	120.4
3	120.6
3	120.8
3	121.0
3	121.2
3	121.4
3	121.6
3	121.8
3	122.0
3	122.2
3	122.4
3	122.6
3	122.8
3	123.0
3	123.2
3	123.4
3	123.6
3	123.8
3	124.0
3	124.2
3	124.4
3	124.6
3	124.8
3	125.0
3	125.2
3	125.4
3	125.6
3	125.8
3	126.0
3	126.2
3	126.4
3	126.6
3	126.8
3	127.0
3	127.2
3	127.4
3	127.6
3	127.8
3	128.0
3	128.2
3	128.4
3	128.6
3	128.8
3	129.0
3	129.2
3	129.4
3	129.6
3	129.8
3	130.0
3	130.2
3	130.4
3	130.6
3	130.8
3	131.0
3	131.2
3	131.4
3	131.6
3	131.8
3	132.0
3	132.2
3	132.4
3	132.6
3	132.8
3	133.0
3	133.2
3	133.4
3	133.6
3	133.8
3	134.0
3	134.2
3	134.4
3	134.6
3	134.8
3	135.0
3	135.2
3	135.4
3	135.6
3	135.8
3	136.0
3	136.2
3	136.4
3	136.6
3	136.8
3	137.0
3	137.2
3	137.4
3	137.6
3	137.8
3	138.0
3	138.2
3	138.4
3	138.6
3	138.8
3	139.0
3	139.2
3	139.4
3	139.6
3	139.8
3	140.0
3	140.2
3	140.4
3	140.6
3	140.8
3	141.0
3	141.2
3	141.4
3	141.6
3	141.8
3	142.0
3	142.2
3	142.4
3	142.6
3	142.8
3	143.0
3	143.2
3	143.4
3	143.6
3	143.8
3	144.0
3	144.2
3	144.4
3	144.6
3	144.8
3	145.0
3	145.2
3	145.4
3	145.6
3	145.8
3	146.0
3	146.2
3	146.4
3	146.6
3	146.8
3	147.0
3	147.2
3	147.4
3	147.6
3	147.8
3	148.0
3	148.2
3	148.4
3	148.6
3	148.8
3	149.0
3	149.2
3	149.4
3	149.6
3	149.8
3	150.0
3	150.2
3	150.4
3	150.6
3	150.8
3	151.0
3	151.2
3	151.4
3	151.6
3	151.8
3	152.0
3	152.2
3	152.4
3	152.6
3	152.8
3	153.0
3	153.2
3	153.4
3	153.6
3	153.8
3	154.0
3	154.2
3	154.4
3	154.6
3	154.8
3	155.0
3	155.2
3	155.4
3	155.6
3	155.8
3	156.0
3	156.2
3	156.4
3	156.6
3	156.8
3	157.0
3	157.2
3	157.4
3	157.6
3	157.8
3	158.0
3	158.2
4	-3.6
4	-3.4
4	-3.2
4	-3.0
4	-2.8
4	-2.6
4	-2.4
4	-2.2
4	-2.0
4	-1.8
4	-1.6
4	-1.4
4	-1.2
4	-1.0
4	-0.8
4	-0.6
4	-0.4
4	-0.2
4	0.0
4	0.2
4	0.4
4	0.6
4	0.8
4	1.0
4	1.2
4	1.4
4	1.6
4	1.8
4	2.0
4	2.2
4	2.4
4	2.6
4	2.8
4	3.0
4	3.2
4	3.4
4	3.6
4	3.8
4	4.0
4	4.2
4	4.4
4	4.6
4	4.8
4	5.0
4	5.2
4	5.4
4	5.6
4	5.8
4	6.0
4	6.2
4	6.4
4	6.6
4	6.8
4	7.0
4	7.2
4	7.4
4	7.6
4	7.8
4	8.0
4	8.2
4	8.4
4	8.6
4	8.8
4	9.0
4	9.2
4	9.4
4	9.6
4	9.8
4	10.0
4	10.2
4	10.4
4	10.6
4	10.8
4	11.0
4	11.2
4	11.4
4	11.6
4	11.8
4	12.0
4	12.2
4	12.4
4	12.6
4	12.8
4	13.0
4	13.2
4	13.4
4	13.6
4	13.8
4	14.0
4	14.2
4	14.4
4	14.6
4	14.8
4	15.0
4	15.2
4	15.4
4	15.6
4	15.8
4	16.0
4	16.2
4	16.4
4	16.6
4	16.8
4	17.0
4	17.2
4	17.4
4	17.6
4	17.8
4	18.0
4	18.2
4	18.4
4	18.6
4	18.8
4	19.0
4	19.2
4	19.4
4	19.6
4	19.8
4	20.0
4	20.2
4	20.4
4	20.6
4	20.8
4	21.0
4	21.2
4	21.4
4	21.6
4	21.8
4	22.0
4	22.2
4	22.4
4	22.6
4	22.8
4	23.0
4	23.2
4	23.4
4	23.6
4	23.8
4	24.0
4	24.2
4	24.4
4	24.6
4	24.8
4	25.0
4	25.2
4	25.4
4	25.6
4	25.8
4	26.0
4	26.2
4	26.4
4	26.6
4	26.8
4	27.0
4	27.2
4	27.4
4	27.6
4	27.8
4	28.0
4	28.2
4	28.4
4	28.6
4	28.8
4	29.0
4	29.2
4	29.4
4	29.6
4	29.8
4	30.0
4	30.2
4	30.4
4	30.6
4	30.8
4	31.0
4	31.2
4	31.4
4	31.6
4	31.8
4	32.0
4	32.2
4	32.4
4	32.6
4	32.8
4	33.0
4	33.2
4	33.4
4	33.6
4	33.8
4	34.0
4	34.2
4	34.4
4	34.6
4	34.8
4	35.0
4	35.2
4	35.4
4	35.6
4	35.8
4	36.0
4	36.2
4	36.4
4	36.6
4	36.8
4	37.0
4	37.2
4	37.4
4	37.6
4	37.8
4	38.0
4	38.2
4	38.4
4	38.6
4	38.8
4	39.0
4	39.2
4	39.4
4	39.6
4	39.8
4	40.0
4	40.2
4	40.4
4	40.6
4	40.8
4	41.0
4	41.2
4	41.4
4	41.6
4	41.8
4	42.0
4	42.2
4	42.4
4	42.6
4	42.8
4	43.0
4	43.2
4	43.4
4	43.6
4	43.8
4	44.0
4	44.2
4	44.4
4	44.6
4	44.8
4	45.0
4	45.2
4	45.4
4	45.6
4	45.8
4	46.0
4	46.2
4	46.4
4	46.6
4	46.8
4	47.0
4	47.2
4	47.4
4	47.6
4	47.8
4	48.0
4	48.2
4	48.4
4	48.6
4	48.8
4	49.0
4	49.2
4	49.4
4	49.6
4	49.8
4	50.0
4	50.2
4	50.4
4	50.6
4	50.8
4	51.0
4	51.2
4	51.4
4	51.6
4	51.8
4	52.0
4	52.2
4	52.4
4	52.6
4	52.8
4	53.0
4	53.2
4	53.4
4	53.6
4	53.8
4	54.0
4	54.2
4	54.4
4	54.6
4	54.8
4	55.0
4	55.2
4	55.4
4	55.6
4	55.8
4	56.0
4	56.2
4	56.4
4	56.6
4	56.8
4	57.0
4	57.2
4	57.4
4	57.6
4	57.8
4	58.0
4	58.2
4	58.4
4	58.6
4	58.8
4	59.0
4	59.2
4	59.4
4	59.6
4	59.8
4	60.0
4	60.2
4	60.4
4	60.6
4	60.8
4	61.0
4	61.2
4	61.4
4	61.6
4	61.8
4	62.0
4	62.2
4	62.4
4	62.6
4	62.8
4	63.0
4	63.2
4	63.4
4	63.6
4	63.8
4	64.0
4	64.2
4	64.4
4	64.6
4	64.8
4	65.0
4	65.2
4	65.4
4	65.6
4	65.8
4	66.0
4	66.2
4	66.4
4	66.6
4	66.8
4	67.0
4	67.2
4	67.4
4	67.6
4	67.8
4	68.0
4	68.2
4	68.4
4	68.6
4	68.8
4	69.0
4	69.2
4	69.4
4	69.6
4	69.8
4	70.0
4	70.2
4	70.4
4	70.6
4	70.8
4	71.0
4	71.2
4	71.4
4	71.6
4	71.8
4	72.0
4	72.2
4	72.4
4	72.6
4	72.8
4	73.0
4	73.2
4	73.4
4	73.6
4	73.8
4	74.0
4	74.2
4	74.4
4	74.6
4	74.8
4	75.0
4	75.2
4	75.4
4	75.6
4	75.8
4	76.0
4	76.2
4	76.4
4	76.6
4	76.8
4	77.0
4	77.2
4	77.4
4	77.6
4	77.8
4	78.0
4	78.2
4	78.4
4	78.6
4	78.8
4	79.0
4	79.2
4	79.4
4	79.6
4	79.8
4	80.0
4	80.2
4	80.4
4	80.6
4	80.8
4	81.0
4	81.2
4	81.4
4	81.6
4	81.8
4	82.0
4	82.2
4	82.4
4	82.6
4	82.8
4	83.0
4	83.2
4	83.4
4	83.6
4	83.8
4	84.0
4	84.2
4	84.4
4	84.6
4	84.8
4	85.0
4	85.2
4	85.4
4	85.6
4	85.8
4	86.0
4	86.2
4	86.4
4	86.6
4	86.8
4	87.0
4	87.2
4	87.4
4	87.6
4	87.8
4	88.0
4	88.2
4	88.4
4	88.6
4	88.8
4	89.0
4	89.2
4	89.4
4	89.6
4	89.8
4	90.0
4	90.2
4	90.4
4	90.6
4	90.8
4	91.0
4	91.2
4	91.4
4	91.6
4	91.8
4	92.0
4	92.2
4	92.4
4	92.6
4	92.8
4	93.0
4	93.2
4	93.4
4	93.6
4	93.8
4	94.0
4	94.2
4	94.4
4	94.6
4	94.8
4	95.0
4	95.2
4	95.4
4	95.6
4	95.8
4	96.0
4	96.2
4	96.4
4	96.6
4	96.8
4	97.0
4	97.2
4	97.4
4	97.6
4	97.8
4	98.0
4	98.2
4	98.4
4	98.6
4	98.8
4	99.0
4	99.2
4	99.4
4	99.6
4	99.8
4	100.0
4	100.2
4	100.4
4	100.6
4	100.8
4	101.0
4	101.2
4	101.4
4	101.6
4	101.8
4	102.0
4	102.2
4	102.4
4	102.6
4	102.8
4	103.0
4	103.2
4	103.4
4	103.6
4	103.8
4	104.0
4	104.2
4	104.4
4	104.6
4	104.8
4	105.0
4	105.2
4	105.4
4	105.6
4	105.8
4	106.0
4	106.2
4	106.4
4	106.6
4	106.8
4	107.0
4	107.2
4	107.4
4	107.6
4	107.8
4	108.0
4	108.2
4	108.4
4	108.6
4	108.8
4	109.0
4	109.2
4	109.4
4	109.6
4	109.8
4	110.0
4	110.2
4	110.4
4	110.6
4	110.8
4	111.0
4	111.2
4	111.4
4	111.6
4	111.8
4	112.0
4	112.2
4	112.4
4	112.6
4	112.8
4	113.0
4	113.2
4	113.4
4	113.6
4	113.8
4	114.0
4	114.2
4	114.4
4	114.6
4	114.8
4	115.0
4	115.2
4	115.4
4	115.6
4	115.8
4	116.0
4	116.2
4	116.4
4	116.6
4	116.8
4	117.0
4	117.2
4	117.4
4	117.6
4	117.8
4	118.0
4	118.2
4	118.4
4	118.6
4	118.8
4	119.0
4	119.2
4	119.4
4	119.6
4	119.8
4	120.0
4	120.2
4	120.4
4	120.6
4	120.8
4	121.0
4	121.2
4	121.4
4	121.6
4	121.8
4	122.0
4	122.2
4	122.4
4	122.6
4	122.8
4	123.0
4	123.2
4	123.4
4	123.6
4	123.8
4	124.0
4	124.2
4	124.4
4	124.6
4	124.8
4	125.0
4	125.2
4	125.4
4	125.6
4	125.8
4	126.0
4	126.2
4	126.4
4	126.6
4	126.8
4	127.0
4	127.2
4	127.4
4	127.6
4	127.8
4	128.0
4	128.2
4	128.4
4	128.6
4	128.8
4	129.0
4	129.2
4	129.4
4	129.6
4	129.8
4	130.0
4	130.2
4	130.4
4	130.6
4	130.8
4	131.0
4	131.2
4	131.4
4	131.6
4	131.8
4	132.0
4	132.2
4	132.4
4	132.6
4	132.8
4	133.0
4	133.2
4	133.4
4	133.6
4	133.8
4	134.0
4	134.2
4	134.4
4	134.6
4	134.8
4	135.0
4	135.2
4	135.4
4	135.6
4	135.8
4	136.0
4	136.2
4	136.4
4	136.6
4	136.8
4	137.0
4	137.2
4	137.4
4	137.6
4	137.8
4	138.0
4	138.2
4	138.4
4	138.6
4	138.8
4	139.0
4	139.2
4	139.4
4	139.6
4	139.8
4	140.0
4	140.2
4	140.4
4	140.6
4	140.8
4	141.0
4	141.2
4	141.4
4	141.6
4	141.8
4	142.0
4	142.2
4	142.4
4	142.6
4	142.8
4	143.0
4	143.2
4	143.4
4	143.6
4	143.8
4	144.0
4	144.2
4	144.4
4	144.6
4	144.8
4	145.0
4	145.2
4	145.4
4	145.6
4	145.8
4	146.0
4	146.2
4	146.4
4	146.6
4	146.8
4	147.0
4	147.2
4	147.4
4	147.6
4	147.8
4	148.0
4	148.2
5	-2.6
5	-2.4
5	-2.2
5	-2.0
5	-1.8
5	-1.6
5	-1.4
5	-1.2
5	-1.0
5	-0.8
5	-0.6
5	-0.4
5	-0.2
5	0.0
5	0.2
5	0.4
5	0.6
5	0.8
5	1.0
5	1.2
5	1.4
5	1.6
5	1.8
5	2.0
5	2.2
5	2.4
5	2.6
5	2.8
5	3.0
5	3.2
5	3.4
5	3.6
5	3.8
5	4.0
5	4.2
5	4.4
5	4.6
5	4.8
5	5.0
5	5.2
5	5.4
5	5.6
5	5.8
5	6.0
5	6.2
5	6.4
5	6.6
5	6.8
5	7.0
5	7.2
5	7.4
5	7.6
5	7.8
5	8.0
5	8.2
5	8.4
5	8.6
5	8.8
5	9.0
5	9.2
5	9.4
5	9.6
5	9.8
5	10.0
5	10.2
5	10.4
5	10.6
5	10.8
5	11.0
5	11.2
5	11.4
5	11.6
5	11.8
5	12.0
5	12.2
5	12.4
5	12.6
5	12.8
5	13.0
5	13.2
5	13.4
5	13.6
5	13.8
5	14.0
5	14.2
5	14.4
5	14.6
5	14.8
5	15.0
5	15.2
5	15.4
5	15.6
5	15.8
5	16.0
5	16.2
5	16.4
5	16.6
5	16.8
5	17.0
5	17.2
5	17.4
5	17.6
5	17.8
5	18.0
5	18.2
5	18.4
5	18.6
5	18.8
5	19.0
5	19.2
5	19.4
5	19.6
5	19.8
5	20.0
5	20.2
5	20.4
5	20.6
5	20.8
5	21.0
5	21.2
5	21.4
5	21.6
5	21.8
5	22.0
5	22.2
5	22.4
5	22.6
5	22.8
5	23.0
5	23.2
5	23.4
5	23.6
5	23.8
5	24.0
5	24.2
5	24.4
5	24.6
5	24.8
5	25.0
5	25.2
5	25.4
5	25.6
5	25.8
5	26.0
5	26.2
5	26.4
5	26.6
5	26.8
5	27.0
5	27.2
5	27.4
5	27.6
5	27.8
5	28.0
5	28.2
5	28.4
5	28.6
5	28.8
5	29.0
5	29.2
5	29.4
5	29.6
5	29.8
5	30.0
5	30.2
5	30.4
5	30.6
5	30.8
5	31.0
5	31.2
5	31.4
5	31.6
5	31.8
5	32.0
5	32.2
5	32.4
5	32.6
5	32.8
5	33.0
5	33.2
5	33.4
5	33.6
5	33.8
5	34.0
5	34.2
5	34.4
5	34.6
5	34.8
5	35.0
5	35.2
5	35.4
5	35.6
5	35.8
5	36.0
5	36.2
5	36.4
5	36.6
5	36.8
5	37.0
5	37.2
5	37.4
5	37.6
5	37.8
5	38.0
5	38.2
5	38.4
5	38.6
5	38.8
5	39.0
5	39.2
5	39.4
5	39.6
5	39.8
5	40.0
5	40.2
5	40.4
5	40.6
5	40.8
5	41.0
5	41.2
5	41.4
5	41.6
5	41.8
5	42.0
5	42.2
5	42.4
5	42.6
5	42.8
5	43.0
5	43.2
5	43.4
5	43.6
5	43.8
5	44.0
5	44.2
5	44.4
5	44.6
5	44.8
5	45.0
5	45.2
5	45.4
5	45.6
5	45.8
5	46.0
5	46.2
5	46.4
5	46.6
5	46.8
5	47.0
5	47.2
5	47.4
5	47.6
5	47.8
5	48.0
5	48.2
5	48.4
5	48.6
5	48.8
5	49.0
5	49.2
5	49.4
5	49.6
5	49.8
5	50.0
5	50.2
5	50.4
5	50.6
5	50.8
5	51.0
5	51.2
5	51.4
5	51.6
5	51.8
5	52.0
5	52.2
5	52.4
5	52.6
5	52.8
5	53.0
5	53.2
5	53.4
5	53.6
5	53.8
5	54.0
5	54.2
5	54.4
5	54.6
5	54.8
5	55.0
5	55.2
5	55.4
5	55.6
5	55.8
5	56.0
5	56.2
5	56.4
5	56.6
5	56.8
5	57.0
5	57.2
5	57.4
5	57.6
5	57.8
5	58.0
5	58.2
5	58.4
5	58.6
5	58.8
5	59.0
5	59.2
5	59.4
5	59.6
5	59.8
5	60.0
5	60.2
5	60.4
5	60.6
5	60.8
5	61.0
5	61.2
5	61.4
5	61.6
5	61.8
5	62.0
5	62.2
5	62.4
5	62.6
5	62.8
5	63.0
5	63.2
5	63.4
5	63.6
5	63.8
5	64.0
5	64.2
5	64.4
5	64.6
5	64.8
5	65.0
5	65.2
5	65.4
5	65.6
5	65.8
5	66.0
5	66.2
5	66.4
5	66.6
5	66.8
5	67.0
5	67.2
5	67.4
5	67.6
5	67.8
5	68.0
5	68.2
5	68.4
5	68.6
5	68.8
5	69.0
5	69.2
5	69.4
5	69.6
5	69.8
5	70.0
5	70.2
5	70.4
5	70.6
5	70.8
5	71.0
5	71.2
5	71.4
5	71.6
5	71.8
5	72.0
5	72.2
5	72.4
5	72.6
5	72.8
5	73.0
5	73.2
5	73.4
5	73.6
5	73.8
5	74.0
5	74.2
5	74.4
5	74.6
5	74.8
5	75.0
5	75.2
5	75.4
5	75.6
5	75.8
5	76.0
5	76.2
5	76.4
5	76.6
5	76.8
5	77.0
5	77.2
5	77.4
5	77.6
5	77.8
5	78.0
5	78.2
5	78.4
5	78.6
5	78.8
5	79.0
5	79.2
5	79.4
5	79.6
5	79.8
5	80.0
5	80.2
5	80.4
5	80.6
5	80.8
5	81.0
5	81.2
5	81.4
5	81.6
5	81.8
5	82.0
5	82.2
5	82.4
5	82.6
5	82.8
5	83.0
5	83.2
5	83.4
5	83.6
5	83.8
5	84.0
5	84.2
5	84.4
5	84.6
5	84.8
5	85.0
5	85.2
5	85.4
5	85.6
5	85.8
5	86.0
5	86.2
5	86.4
5	86.6
5	86.8
5	87.0
5	87.2
5	87.4
5	87.6
5	87.8
5	88.0
5	88.2
5	88.4
5	88.6
5	88.8
5	89.0
5	89.2
5	89.4
5	89.6
5	89.8
5	90.0
5	90.2
5	90.4
5	90.6
5	90.8
5	91.0
5	91.2
5	91.4
5	91.6
5	91.8
5	92.0
5	92.2
5	92.4
5	92.6
5	92.8
5	93.0
5	93.2
5	93.4
5	93.6
5	93.8
5	94.0
5	94.2
5	94.4
5	94.6
5	94.8
5	95.0
5	95.2
5	95.4
5	95.6
5	95.8
5	96.0
5	96.2
5	96.4
5	96.6
5	96.8
5	97.0
5	97.2
5	97.4
5	97.6
5	97.8
5	98.0
5	98.2
5	98.4
5	98.6
5	98.8
5	99.0
5	99.2
5	99.4
5	99.6
5	99.8
5	100.0
5	100.2
5	100.4
5	100.6
5	100.8
5	101.0
5	101.2
5	101.4
5	101.6
5	101.8
5	102.0
5	102.2
5	102.4
5	102.6
5	102.8
5	103.0
5	103.2
5	103.4
5	103.6
5	103.8
5	104.0
5	104.2
5	104.4
5	104.6
5	104.8
5	105.0
5	105.2
5	105.4
5	105.6
5	105.8
5	106.0
5	106.2
5	106.4
5	106.6
5	106.8
5	107.0
5	107.2
5	107.4
5	107.6
5	107.8
5	108.0
5	108.2
5	108.4
5	108.6
5	108.8
5	109.0
5	109.2
5	109.4
5	109.6
5	109.8
5	110.0
5	110.2
5	110.4
5	110.6
5	110.8
5	111.0
5	111.2
5	111.4
5	111.6
5	111.8
5	112.0
5	112.2
5	112.4
5	112.6
5	112.8
5	113.0
5	113.2
5	113.4
5	113.6
5	113.8
5	114.0
5	114.2
5	114.4
5	114.6
5	114.8
5	115.0
5	115.2
5	115.4
5	115.6
5	115.8
5	116.0
5	116.2
5	116.4
5	116.6
5	116.8
5	117.0
5	117.2
5	117.4
5	117.6
5	117.8
5	118.0
5	118.2
5	118.4
5	118.6
5	118.8
5	119.0
5	119.2
5	119.4
5	119.6
5	119.8
5	120.0
5	120.2
5	120.4
5	120.6
5	120.8
5	121.0
5	121.2
5	121.4
5	121.6
5	121.8
5	122.0
5	122.2
5	122.4
5	122.6
5	122.8
5	123.0
5	123.2
5	123.4
5	123.6
5	123.8
5	124.0
5	124.2
5	124.4
5	124.6
5	124.8
5	125.0
5	125.2
5	125.4
5	125.6
5	125.8
5	126.0
5	126.2
5	126.4
5	126.6
5	126.8
5	127.0
5	127.2
5	127.4
5	127.6
5	127.8
5	128.0
5	128.2
5	128.4
5	128.6
5	128.8
5	129.0
5	129.2
5	129.4
5	129.6
5	129.8
5	130.0
5	130.2
5	130.4
5	130.6
5	130.8
5	131.0
5	131.2
5	131.4
5	131.6
5	131.8
5	132.0
5	132.2
5	132.4
5	132.6
5	132.8
5	133.0
5	133.2
5	133.4
5	133.6
5	133.8
5	134.0
5	134.2
5	134.4
5	134.6
5	134.8
5	135.0
5	135.2
5	135.4
5	135.6
5	135.8
5	136.0
5	136.2
5	136.4
5	136.6
5	136.8
5	137.0
5	137.2
5	137.4
5	137.6
5	137.8
5	138.0
5	138.2
5	138.4
5	138.6
5	138.8
5	139.0
5	139.2
5	139.4
5	139.6
5	139.8
5	140.0
5	140.2
5	140.4
5	140.6
5	140.8
5	141.0
5	141.2
5	141.4
5	141.6
5	141.8
5	142.0
5	142.2
5	142.4
5	142.6
5	142.8
5	143.0
5	143.2
5	143.4
5	143.6
5	143.8
5	144.0
5	144.2
5	144.4
5	144.6
5	144.8
5	145.0
5	145.2
5	145.4
5	145.6
5	145.8
5	146.0
5	146.2
5	146.4
5	146.6
5	146.8
5	147.0
5	147.2
5	147.4
5	147.6
5	147.8
5	148.0
5	148.2
5	148.4
5	148.6
5	148.8
5	149.0
5	149.2
5	149.4
5	149.6
5	149.8
5	150.0
5	150.2
5	150.4
5	150.6
5	150.8
5	151.0
5	151.2
5	151.4
5	151.6
5	151.8
5	152.0
5	152.2
5	152.4
5	152.6
5	152.8
5	153.0
5	153.2
5	153.4
5	153.6
5	153.8
5	154.0
5	154.2
5	154.4
6	-1.4
6	-1.2
6	-1.0
6	-0.8
6	-0.6
6	-0.4
6	-0.2
6	0.0
6	0.2
6	0.4
6	0.6
6	0.8
6	1.0
6	1.2
6	1.4
6	1.6
6	1.8
6	2.0
6	2.2
6	2.4
6	2.6
6	2.8
6	3.0
6	3.2
6	3.4
6	3.6
6	3.8
6	4.0
6	4.2
6	4.4
6	4.6
6	4.8
6	5.0
6	5.2
6	5.4
6	5.6
6	5.8
6	6.0
6	6.2
6	6.4
6	6.6
6	6.8
6	7.0
6	7.2
6	7.4
6	7.6
6	7.8
6	8.0
6	8.2
6	8.4
6	8.6
6	8.8
6	9.0
6	9.2
6	9.4
6	9.6
6	9.8
6	10.0
6	10.2
6	10.4
6	10.6
6	10.8
6	11.0
6	11.2
6	11.4
6	11.6
6	11.8
6	12.0
6	12.2
6	12.4
6	12.6
6	12.8
6	13.0
6	13.2
6	13.4
6	13.6
6	13.8
6	14.0
6	14.2
6	14.4
6	14.6
6	14.8
6	15.0
6	15.2
6	15.4
6	15.6
6	15.8
6	16.0
6	16.2
6	16.4
6	16.6
6	16.8
6	17.0
6	17.2
6	17.4
6	17.6
6	17.8
6	18.0
6	18.2
6	18.4
6	18.6
6	18.8
6	19.0
6	19.2
6	19.4
6	19.6
6	19.8
6	20.0
6	20.2
6	20.4
6	20.6
6	20.8
6	21.0
6	21.2
6	21.4
6	21.6
6	21.8
6	22.0
6	22.2
6	22.4
6	22.6
6	22.8
6	23.0
6	23.2
6	23.4
6	23.6
6	23.8
6	24.0
6	24.2
6	24.4
6	24.6
6	24.8
6	25.0
6	25.2
6	25.4
6	25.6
6	25.8
6	26.0
6	26.2
6	26.4
6	26.6
6	26.8
6	27.0
6	27.2
6	27.4
6	27.6
6	27.8
6	28.0
6	28.2
6	28.4
6	28.6
6	28.8
6	29.0
6	29.2
6	29.4
6	29.6
6	29.8
6	30.0
6	30.2
6	30.4
6	30.6
6	30.8
6	31.0
6	31.2
6	31.4
6	31.6
6	31.8
6	32.0
6	32.2
6	32.4
6	32.6
6	32.8
6	33.0
6	33.2
6	33.4
6	33.6
6	33.8
6	34.0
6	34.2
6	34.4
6	34.6
6	34.8
6	35.0
6	35.2
6	35.4
6	35.6
6	35.8
6	36.0
6	36.2
6	36.4
6	36.6
6	36.8
6	37.0
6	37.2
6	37.4
6	37.6
6	37.8
6	38.0
6	38.2
6	38.4
6	38.6
6	38.8
6	39.0
6	39.2
6	39.4
6	39.6
6	39.8
6	40.0
6	40.2
6	40.4
6	40.6
6	40.8
6	41.0
6	41.2
6	41.4
6	41.6
6	41.8
6	42.0
6	42.2
6	42.4
6	42.6
6	42.8
6	43.0
6	43.2
6	43.4
6	43.6
6	43.8
6	44.0
6	44.2
6	44.4
6	44.6
6	44.8
6	45.0
6	45.2
6	45.4
6	45.6
6	45.8
6	46.0
6	46.2
6	46.4
6	46.6
6	46.8
6	47.0
6	47.2
6	47.4
6	47.6
6	47.8
6	48.0
6	48.2
6	48.4
6	48.6
6	48.8
6	49.0
6	49.2
6	49.4
6	49.6
6	49.8
6	50.0
6	50.2
6	50.4
6	50.6
6	50.8
6	51.0
6	51.2
6	51.4
6	51.6
6	51.8
6	52.0
6	52.2
6	52.4
6	52.6
6	52.8
6	53.0
6	53.2
6	53.4
6	53.6
6	53.8
6	54.0
6	54.2
6	54.4
6	54.6
6	54.8
6	55.0
6	55.2
6	55.4
6	55.6
6	55.8
6	56.0
6	56.2
6	56.4
6	56.6
6	56.8
6	57.0
6	57.2
6	57.4
6	57.6
6	57.8
6	58.0
6	58.2
6	58.4
6	58.6
6	58.8
6	59.0
6	59.2
6	59.4
6	59.6
6	59.8
6	60.0
6	60.2
6	60.4
6	60.6
6	60.8
6	61.0
6	61.2
6	61.4
6	61.6
6	61.8
6	62.0
6	62.2
6	62.4
6	62.6
6	62.8
6	63.0
6	63.2
6	63.4
6	63.6
6	63.8
6	64.0
6	64.2
6	64.4
6	64.6
6	64.8
6	65.0
6	65.2
6	65.4
6	65.6
6	65.8
6	66.0
6	66.2
6	66.4
6	66.6
6	66.8
6	67.0
6	67.2
6	67.4
6	67.6
6	67.8
6	68.0
6	68.2
6	68.4
6	68.6
6	68.8
6	69.0
6	69.2
6	69.4
6	69.6
6	69.8
6	70.0
6	70.2
6	70.4
6	70.6
6	70.8
6	71.0
6	71.2
6	71.4
6	71.6
6	71.8
6	72.0
6	72.2
6	72.4
6	72.6
6	72.8
6	73.0
6	73.2
6	73.4
6	73.6
6	73.8
6	74.0
6	74.2
6	74.4
6	74.6
6	74.8
6	75.0
6	75.2
6	75.4
6	75.6
6	75.8
6	76.0
6	76.2
6	76.4
6	76.6
6	76.8
6	77.0
6	77.2
6	77.4
6	77.6
6	77.8
6	78.0
6	78.2
6	78.4
6	78.6
6	78.8
6	79.0
6	79.2
6	79.4
6	79.6
6	79.8
6	80.0
6	80.2
6	80.4
6	80.6
6	80.8
6	81.0
6	81.2
6	81.4
6	81.6
6	81.8
6	82.0
6	82.2
6	82.4
6	82.6
6	82.8
6	83.0
6	83.2
6	83.4
6	83.6
6	83.8
6	84.0
6	84.2
6	84.4
6	84.6
6	84.8
6	85.0
6	85.2
6	85.4
6	85.6
6	85.8
6	86.0
6	86.2
6	86.4
6	86.6
6	86.8
6	87.0
6	87.2
6	87.4
6	87.6
6	87.8
6	88.0
6	88.2
6	88.4
6	88.6
6	88.8
6	89.0
6	89.2
6	89.4
6	89.6
6	89.8
6	90.0
6	90.2
6	90.4
6	90.6
6	90.8
6	91.0
6	91.2
6	91.4
6	91.6
6	91.8
6	92.0
6	92.2
6	92.4
6	92.6
6	92.8
6	93.0
6	93.2
6	93.4
6	93.6
6	93.8
6	94.0
6	94.2
6	94.4
6	94.6
6	94.8
6	95.0
6	95.2
6	95.4
6	95.6
6	95.8
6	96.0
6	96.2
6	96.4
6	96.6
6	96.8
6	97.0
6	97.2
6	97.4
6	97.6
6	97.8
6	98.0
6	98.2
6	98.4
6	98.6
6	98.8
6	99.0
6	99.2
6	99.4
6	99.6
6	99.8
6	100.0
6	100.2
6	100.4
6	100.6
6	100.8
6	101.0
6	101.2
6	101.4
6	101.6
6	101.8
6	102.0
6	102.2
6	102.4
6	102.6
6	102.8
6	103.0
6	103.2
6	103.4
6	103.6
6	103.8
6	104.0
6	104.2
6	104.4
6	104.6
6	104.8
6	105.0
6	105.2
6	105.4
6	105.6
6	105.8
6	106.0
6	106.2
6	106.4
6	106.6
6	106.8
6	107.0
6	107.2
6	107.4
6	107.6
6	107.8
6	108.0
6	108.2
6	108.4
6	108.6
6	108.8
6	109.0
6	109.2
6	109.4
6	109.6
6	109.8
6	110.0
7	-1.2
7	-1.0
7	-0.8
7	-0.6
7	-0.4
7	-0.2
7	0.0
7	0.2
7	0.4
7	0.6
7	0.8
7	1.0
7	1.2
7	1.4
7	1.6
7	1.8
7	2.0
7	2.2
7	2.4
7	2.6
7	2.8
7	3.0
7	3.2
7	3.4
7	3.6
7	3.8
7	4.0
7	4.2
7	4.4
7	4.6
7	4.8
7	5.0
7	5.2
7	5.4
7	5.6
7	5.8
7	6.0
7	6.2
7	6.4
7	6.6
7	6.8
7	7.0
7	7.2
7	7.4
7	7.6
7	7.8
7	8.0
7	8.2
7	8.4
7	8.6
7	8.8
7	9.0
7	9.2
7	9.4
7	9.6
7	9.8
7	10.0
7	10.2
7	10.4
7	10.6
7	10.8
7	11.0
7	11.2
7	11.4
7	11.6
7	11.8
7	12.0
7	12.2
7	12.4
7	12.6
7	12.8
7	13.0
7	13.2
7	13.4
7	13.6
7	13.8
7	14.0
7	14.2
7	14.4
7	14.6
7	14.8
7	15.0
7	15.2
7	15.4
7	15.6
7	15.8
7	16.0
7	16.2
7	16.4
7	16.6
7	16.8
7	17.0
7	17.2
7	17.4
7	17.6
7	17.8
7	18.0
7	18.2
7	18.4
7	18.6
7	18.8
7	19.0
7	19.2
7	19.4
7	19.6
7	19.8
7	20.0
7	20.2
7	20.4
7	20.6
7	20.8
7	21.0
7	21.2
7	21.4
7	21.6
7	21.8
7	22.0
7	22.2
7	22.4
7	22.6
7	22.8
7	23.0
7	23.2
7	23.4
7	23.6
7	23.8
7	24.0
7	24.2
7	24.4
7	24.6
7	24.8
7	25.0
7	25.2
7	25.4
7	25.6
7	25.8
7	26.0
7	26.2
7	26.4
7	26.6
7	26.8
7	27.0
7	27.2
7	27.4
7	27.6
7	27.8
7	28.0
7	28.2
7	28.4
7	28.6
7	28.8
7	29.0
7	29.2
7	29.4
7	29.6
7	29.8
7	30.0
7	30.2
7	30.4
7	30.6
7	30.8
7	31.0
7	31.2
7	31.4
7	31.6
7	31.8
7	32.0
7	32.2
7	32.4
7	32.6
7	32.8
7	33.0
7	33.2
7	33.4
7	33.6
7	33.8
7	34.0
7	34.2
7	34.4
7	34.6
7	34.8
7	35.0
7	35.2
7	35.4
7	35.6
7	35.8
7	36.0
7	36.2
7	36.4
7	36.6
7	36.8
7	37.0
7	37.2
7	37.4
7	37.6
7	37.8
7	38.0
7	38.2
7	38.4
7	38.6
7	38.8
7	39.0
7	39.2
7	39.4
7	39.6
7	39.8
7	40.0
7	40.2
7	40.4
7	40.6
7	40.8
7	41.0
7	41.2
7	41.4
7	41.6
7	41.8
7	42.0
7	42.2
7	42.4
7	42.6
7	42.8
7	43.0
7	43.2
7	43.4
7	43.6
7	43.8
7	44.0
7	44.2
7	44.4
7	44.6
7	44.8
7	45.0
7	45.2
7	45.4
7	45.6
7	45.8
7	46.0
7	46.2
7	46.4
7	46.6
7	46.8
7	47.0
7	47.2
7	47.4
7	47.6
7	47.8
7	48.0
7	48.2
7	48.4
7	48.6
7	48.8
7	49.0
7	49.2
7	49.4
7	49.6
7	49.8
7	50.0
7	50.2
7	50.4
7	50.6
7	50.8
7	51.0
7	51.2
7	51.4
7	51.6
7	51.8
7	52.0
7	52.2
7	52.4
7	52.6
7	52.8
7	53.0
7	53.2
7	53.4
7	53.6
7	53.8
7	54.0
7	54.2
7	54.4
7	54.6
7	54.8
7	55.0
7	55.2
7	55.4
7	55.6
7	55.8
7	56.0
7	56.2
7	56.4
7	56.6
7	56.8
7	57.0
7	57.2
7	57.4
7	57.6
7	57.8
7	58.0
7	58.2
7	58.4
7	58.6
7	58.8
7	59.0
7	59.2
7	59.4
7	59.6
7	59.8
7	60.0
7	60.2
7	60.4
7	60.6
7	60.8
7	61.0
7	61.2
7	61.4
7	61.6
7	61.8
7	62.0
7	62.2
7	62.4
7	62.6
7	62.8
7	63.0
7	63.2
7	63.4
7	63.6
7	63.8
7	64.0
7	64.2
7	64.4
7	64.6
7	64.8
7	65.0
7	65.2
7	65.4
7	65.6
7	65.8
7	66.0
7	66.2
7	66.4
7	66.6
7	66.8
7	67.0
7	67.2
7	67.4
7	67.6
7	67.8
7	68.0
7	68.2
7	68.4
7	68.6
7	68.8
7	69.0
7	69.2
7	69.4
7	69.6
7	69.8
7	70.0
7	70.2
7	70.4
7	70.6
7	70.8
7	71.0
7	71.2
7	71.4
7	71.6
7	71.8
7	72.0
7	72.2
7	72.4
7	72.6
7	72.8
7	73.0
7	73.2
7	73.4
7	73.6
7	73.8
7	74.0
7	74.2
7	74.4
7	74.6
7	74.8
7	75.0
7	75.2
7	75.4
7	75.6
7	75.8
7	76.0
7	76.2
7	76.4
7	76.6
7	76.8
7	77.0
7	77.2
7	77.4
7	77.6
7	77.8
7	78.0
7	78.2
7	78.4
7	78.6
7	78.8
7	79.0
7	79.2
7	79.4
7	79.6
7	79.8
7	80.0
7	80.2
7	80.4
7	80.6
7	80.8
7	81.0
7	81.2
7	81.4
7	81.6
7	81.8
7	82.0
7	82.2
7	82.4
7	82.6
7	82.8
7	83.0
7	83.2
7	83.4
7	83.6
7	83.8
7	84.0
7	84.2
7	84.4
7	84.6
7	84.8
7	85.0
7	85.2
7	85.4
7	85.6
7	85.8
7	86.0
7	86.2
7	86.4
7	86.6
7	86.8
7	87.0
7	87.2
7	87.4
7	87.6
7	87.8
7	88.0
7	88.2
7	88.4
7	88.6
7	88.8
7	89.0
7	89.2
7	89.4
7	89.6
7	89.8
7	90.0
7	90.2
7	90.4
7	90.6
7	90.8
7	91.0
7	91.2
7	91.4
7	91.6
7	91.8
7	92.0
7	92.2
7	92.4
7	92.6
7	92.8
7	93.0
7	93.2
7	93.4
7	93.6
7	93.8
7	94.0
7	94.2
7	94.4
7	94.6
7	94.8
7	95.0
7	95.2
7	95.4
7	95.6
7	95.8
7	96.0
7	96.2
7	96.4
7	96.6
7	96.8
7	97.0
7	97.2
7	97.4
7	97.6
7	97.8
7	98.0
7	98.2
7	98.4
7	98.6
7	98.8
7	99.0
7	99.2
7	99.4
7	99.6
7	99.8
7	100.0
7	100.2
7	100.4
7	100.6
7	100.8
7	101.0
7	101.2
7	101.4
7	101.6
7	101.8
7	102.0
7	102.2
7	102.4
7	102.6
7	102.8
7	103.0
7	103.2
7	103.4
7	103.6
7	103.8
7	104.0
7	104.2
7	104.4
7	104.6
7	104.8
7	105.0
7	105.2
7	105.4
7	105.6
7	105.8
7	106.0
7	106.2
7	106.4
7	106.6
7	106.8
7	107.0
7	107.2
7	107.4
7	107.6
7	107.8
7	108.0
7	108.2
7	108.4
7	108.6
7	108.8
7	109.0
7	109.2
7	109.4
7	109.6
7	109.8
7	110.0
7	110.2
7	110.4
7	110.6
7	110.8
7	111.0
7	111.2
7	111.4
7	111.6
7	111.8
7	112.0
7	112.2
7	112.4
7	112.6
7	112.8
7	113.0
7	113.2
7	113.4
7	113.6
7	113.8
7	114.0
7	114.2
7	114.4
7	114.6
7	114.8
7	115.0
7	115.2
7	115.4
7	115.6
7	115.8
7	116.0
7	116.2
7	116.4
7	116.6
7	116.8
7	117.0
7	117.2
7	117.4
7	117.6
7	117.8
7	118.0
7	118.2
7	118.4
7	118.6
7	118.8
7	119.0
7	119.2
7	119.4
7	119.6
7	119.8
7	120.0
7	120.2
7	120.4
7	120.6
7	120.8
7	121.0
7	121.2
7	121.4
7	121.6
7	121.8
7	122.0
7	122.2
7	122.4
7	122.6
7	122.8
7	123.0
7	123.2
7	123.4
7	123.6
7	123.8
7	124.0
7	124.2
7	124.4
7	124.6
7	124.8
7	125.0
7	125.2
7	125.4
7	125.6
7	125.8
7	126.0
7	126.2
7	126.4
7	126.6
7	126.8
7	127.0
7	127.2
7	127.4
7	127.6
7	127.8
7	128.0
7	128.2
7	128.4
7	128.6
7	128.8
7	129.0
7	129.2
7	129.4
7	129.6
7	129.8
7	130.0
7	130.2
7	130.4
7	130.6
7	130.8
7	131.0
7	131.2
7	131.4
7	131.6
7	131.8
7	132.0
7	132.2
7	132.4
7	132.6
7	132.8
7	133.0
7	133.2
7	133.4
7	133.6
7	133.8
7	134.0
7	134.2
7	134.4
7	134.6
7	134.8
7	135.0
7	135.2
7	135.4
7	135.6
7	135.8
7	136.0
7	136.2
7	136.4
7	136.6
7	136.8
7	137.0
7	137.2
8	-0.4
8	-0.2
8	0.0
8	0.2
8	0.4
8	0.6
8	0.8
8	1.0
8	1.2
8	1.4
8	1.6
8	1.8
8	2.0
8	2.2
8	2.4
8	2.6
8	2.8
8	3.0
8	3.2
8	3.4
8	3.6
8	3.8
8	4.0
8	4.2
8	4.4
8	4.6
8	4.8
8	5.0
8	5.2
8	5.4
8	5.6
8	5.8
8	6.0
8	6.2
8	6.4
8	6.6
8	6.8
8	7.0
8	7.2
8	7.4
8	7.6
8	7.8
8	8.0
8	8.2
8	8.4
8	8.6
8	8.8
8	9.0
8	9.2
8	9.4
8	9.6
8	9.8
8	10.0
8	10.2
8	10.4
8	10.6
8	10.8
8	11.0
8	11.2
8	11.4
8	11.6
8	11.8
8	12.0
8	12.2
8	12.4
8	12.6
8	12.8
8	13.0
8	13.2
8	13.4
8	13.6
8	13.8
8	14.0
8	14.2
8	14.4
8	14.6
8	14.8
8	15.0
8	15.2
8	15.4
8	15.6
8	15.8
8	16.0
8	16.2
8	16.4
8	16.6
8	16.8
8	17.0
8	17.2
8	17.4
8	17.6
8	17.8
8	18.0
8	18.2
8	18.4
8	18.6
8	18.8
8	19.0
8	19.2
8	19.4
8	19.6
8	19.8
8	20.0
8	20.2
8	20.4
8	20.6
8	20.8
8	21.0
8	21.2
8	21.4
8	21.6
8	21.8
8	22.0
8	22.2
8	22.4
8	22.6
8	22.8
8	23.0
8	23.2
8	23.4
8	23.6
8	23.8
8	24.0
8	24.2
8	24.4
8	24.6
8	24.8
8	25.0
8	25.2
8	25.4
8	25.6
8	25.8
8	26.0
8	26.2
8	26.4
8	26.6
8	26.8
8	27.0
8	27.2
8	27.4
8	27.6
8	27.8
8	28.0
8	28.2
8	28.4
8	28.6
8	28.8
8	29.0
8	29.2
8	29.4
8	29.6
8	29.8
8	30.0
8	30.2
8	30.4
8	30.6
8	30.8
8	31.0
8	31.2
8	31.4
8	31.6
8	31.8
8	32.0
8	32.2
8	32.4
8	32.6
8	32.8
8	33.0
8	33.2
8	33.4
8	33.6
8	33.8
8	34.0
8	34.2
8	34.4
8	34.6
8	34.8
8	35.0
8	35.2
8	35.4
8	35.6
8	35.8
8	36.0
8	36.2
8	36.4
8	36.6
8	36.8
8	37.0
8	37.2
8	37.4
8	37.6
8	37.8
8	38.0
8	38.2
8	38.4
8	38.6
8	38.8
8	39.0
8	39.2
8	39.4
8	39.6
8	39.8
8	40.0
8	40.2
8	40.4
8	40.6
8	40.8
8	41.0
8	41.2
8	41.4
8	41.6
8	41.8
8	42.0
8	42.2
8	42.4
8	42.6
8	42.8
8	43.0
8	43.2
8	43.4
8	43.6
8	43.8
8	44.0
8	44.2
8	44.4
8	44.6
8	44.8
8	45.0
8	45.2
8	45.4
8	45.6
8	45.8
8	46.0
8	46.2
8	46.4
8	46.6
8	46.8
8	47.0
8	47.2
8	47.4
8	47.6
8	47.8
8	48.0
8	48.2
8	48.4
8	48.6
8	48.8
8	49.0
8	49.2
8	49.4
8	49.6
8	49.8
8	50.0
8	50.2
8	50.4
8	50.6
8	50.8
8	51.0
8	51.2
8	51.4
8	51.6
8	51.8
8	52.0
8	52.2
8	52.4
8	52.6
8	52.8
8	53.0
8	53.2
8	53.4
8	53.6
8	53.8
8	54.0
8	54.2
8	54.4
8	54.6
8	54.8
8	55.0
8	55.2
8	55.4
8	55.6
8	55.8
8	56.0
8	56.2
8	56.4
8	56.6
8	56.8
8	57.0
8	57.2
8	57.4
8	57.6
8	57.8
8	58.0
8	58.2
8	58.4
8	58.6
8	58.8
8	59.0
8	59.2
8	59.4
8	59.6
8	59.8
8	60.0
8	60.2
8	60.4
8	60.6
8	60.8
8	61.0
8	61.2
8	61.4
8	61.6
8	61.8
8	62.0
8	62.2
8	62.4
8	62.6
8	62.8
8	63.0
8	63.2
8	63.4
8	63.6
8	63.8
8	64.0
8	64.2
8	64.4
8	64.6
8	64.8
8	65.0
8	65.2
8	65.4
8	65.6
8	65.8
8	66.0
8	66.2
8	66.4
8	66.6
8	66.8
8	67.0
8	67.2
8	67.4
8	67.6
8	67.8
8	68.0
8	68.2
8	68.4
8	68.6
8	68.8
8	69.0
8	69.2
8	69.4
8	69.6
8	69.8
8	70.0
8	70.2
8	70.4
8	70.6
8	70.8
8	71.0
8	71.2
8	71.4
8	71.6
8	71.8
8	72.0
8	72.2
8	72.4
8	72.6
8	72.8
8	73.0
8	73.2
8	73.4
8	73.6
8	73.8
8	74.0
8	74.2
8	74.4
8	74.6
8	74.8
8	75.0
8	75.2
8	75.4
8	75.6
8	75.8
8	76.0
8	76.2
8	76.4
8	76.6
8	76.8
8	77.0
8	77.2
8	77.4
8	77.6
8	77.8
8	78.0
8	78.2
8	78.4
8	78.6
8	78.8
8	79.0
8	79.2
8	79.4
8	79.6
8	79.8
8	80.0
8	80.2
8	80.4
8	80.6
8	80.8
8	81.0
8	81.2
8	81.4
8	81.6
8	81.8
8	82.0
8	82.2
8	82.4
8	82.6
8	82.8
8	83.0
8	83.2
8	83.4
8	83.6
8	83.8
8	84.0
8	84.2
8	84.4
8	84.6
8	84.8
8	85.0
8	85.2
8	85.4
8	85.6
8	85.8
8	86.0
8	86.2
8	86.4
8	86.6
8	86.8
8	87.0
8	87.2
8	87.4
8	87.6
8	87.8
8	88.0
8	88.2
8	88.4
8	88.6
8	88.8
8	89.0
8	89.2
8	89.4
8	89.6
8	89.8
8	90.0
8	90.2
8	90.4
8	90.6
8	90.8
8	91.0
8	91.2
8	91.4
8	91.6
8	91.8
8	92.0
8	92.2
8	92.4
8	92.6
8	92.8
8	93.0
8	93.2
8	93.4
8	93.6
8	93.8
8	94.0
8	94.2
8	94.4
8	94.6
8	94.8
8	95.0
8	95.2
8	95.4
8	95.6
8	95.8
8	96.0
8	96.2
8	96.4
8	96.6
8	96.8
8	97.0
8	97.2
8	97.4
8	97.6
8	97.8
8	98.0
8	98.2
8	98.4
8	98.6
8	98.8
8	99.0
8	99.2
8	99.4
8	99.6
8	99.8
8	100.0
8	100.2
8	100.4
8	100.6
8	100.8
8	101.0
8	101.2
8	101.4
8	101.6
8	101.8
8	102.0
8	102.2
8	102.4
8	102.6
8	102.8
8	103.0
8	103.2
8	103.4
8	103.6
8	103.8
8	104.0
8	104.2
8	104.4
8	104.6
8	104.8
8	105.0
8	105.2
8	105.4
8	105.6
8	105.8
8	106.0
8	106.2
8	106.4
8	106.6
8	106.8
8	107.0
8	107.2
8	107.4
8	107.6
8	107.8
8	108.0
8	108.2
8	108.4
8	108.6
8	108.8
8	109.0
8	109.2
8	109.4
8	109.6
8	109.8
8	110.0
8	110.2
8	110.4
8	110.6
8	110.8
8	111.0
8	111.2
8	111.4
8	111.6
8	111.8
8	112.0
8	112.2
8	112.4
8	112.6
8	112.8
8	113.0
8	113.2
8	113.4
8	113.6
8	113.8
8	114.0
8	114.2
8	114.4
8	114.6
8	114.8
8	115.0
8	115.2
8	115.4
8	115.6
8	115.8
8	116.0
8	116.2
8	116.4
8	116.6
8	116.8
8	117.0
8	117.2
8	117.4
8	117.6
8	117.8
8	118.0
8	118.2
8	118.4
8	118.6
8	118.8
8	119.0
8	119.2
8	119.4
8	119.6
8	119.8
8	120.0
8	120.2
8	120.4
8	120.6
8	120.8
8	121.0
8	121.2
8	121.4
8	121.6
8	121.8
8	122.0
8	122.2
8	122.4
8	122.6
8	122.8
8	123.0
8	123.2
8	123.4
8	123.6
8	123.8
8	124.0
8	124.2
8	124.4
8	124.6
8	124.8
8	125.0
8	125.2
8	125.4
8	125.6
8	125.8
8	126.0
8	126.2
8	126.4
8	126.6
8	126.8
8	127.0
8	127.2
8	127.4
8	127.6
8	127.8
8	128.0
8	128.2
8	128.4
8	128.6
8	128.8
8	129.0
8	129.2
8	129.4
8	129.6
8	129.8
8	130.0
8	130.2
8	130.4
8	130.6
8	130.8
8	131.0
8	131.2
8	131.4
8	131.6
8	131.8
8	132.0
8	132.2
8	132.4
8	132.6
8	132.8
8	133.0
8	133.2
8	133.4
8	133.6
8	133.8
8	134.0
8	134.2
8	134.4
8	134.6
8	134.8
8	135.0
8	135.2
8	135.4
8	135.6
8	135.8
8	136.0
8	136.2
8	136.4
8	136.6
8	136.8
8	137.0
9	-9.0
9	-8.8
9	-8.6
9	-8.4
9	-8.2
9	-8.0
9	-7.8
9	-7.6
9	-7.4
9	-7.2
9	-7.0
9	-6.8
9	-6.6
9	-6.4
9	-6.2
9	-6.0
9	-5.8
9	-5.6
9	-5.4
9	-5.2
9	-5.0
9	-4.8
9	-4.6
9	-4.4
9	-4.2
9	-4.0
9	-3.8
9	-3.6
9	-3.4
9	-3.2
9	-3.0
9	-2.8
9	-2.6
9	-2.4
9	-2.2
9	-2.0
9	-1.8
9	-1.6
9	-1.4
9	-1.2
9	-1.0
9	-0.8
9	-0.6
9	-0.4
9	-0.2
9	0.0
9	0.2
9	0.4
9	0.6
9	0.8
9	1.0
9	1.2
9	1.4
9	1.6
9	1.8
9	2.0
9	2.2
9	2.4
9	2.6
9	2.8
9	3.0
9	3.2
9	3.4
9	3.6
9	3.8
9	4.0
9	4.2
9	4.4
9	4.6
9	4.8
9	5.0
9	5.2
9	5.4
9	5.6
9	5.8
9	6.0
9	6.2
9	6.4
9	6.6
9	6.8
9	7.0
9	7.2
9	7.4
9	7.6
9	7.8
9	8.0
9	8.2
9	8.4
9	8.6
9	8.8
9	9.0
9	9.2
9	9.4
9	9.6
9	9.8
9	10.0
9	10.2
9	10.4
9	10.6
9	10.8
9	11.0
9	11.2
9	11.4
9	11.6
9	11.8
9	12.0
9	12.2
9	12.4
9	12.6
9	12.8
9	13.0
9	13.2
9	13.4
9	13.6
9	13.8
9	14.0
9	14.2
9	14.4
9	14.6
9	14.8
9	15.0
9	15.2
9	15.4
9	15.6
9	15.8
9	16.0
9	16.2
9	16.4
9	16.6
9	16.8
9	17.0
9	17.2
9	17.4
9	17.6
9	17.8
9	18.0
9	18.2
9	18.4
9	18.6
9	18.8
9	19.0
9	19.2
9	19.4
9	19.6
9	19.8
9	20.0
9	20.2
9	20.4
9	20.6
9	20.8
9	21.0
9	21.2
9	21.4
9	21.6
9	21.8
9	22.0
9	22.2
9	22.4
9	22.6
9	22.8
9	23.0
9	23.2
9	23.4
9	23.6
9	23.8
9	24.0
9	24.2
9	24.4
9	24.6
9	24.8
9	25.0
9	25.2
9	25.4
9	25.6
9	25.8
9	26.0
9	26.2
9	26.4
9	26.6
9	26.8
9	27.0
9	27.2
9	27.4
9	27.6
9	27.8
9	28.0
9	28.2
9	28.4
9	28.6
9	28.8
9	29.0
9	29.2
9	29.4
9	29.6
9	29.8
9	30.0
9	30.2
9	30.4
9	30.6
9	30.8
9	31.0
9	31.2
9	31.4
9	31.6
9	31.8
9	32.0
9	32.2
9	32.4
9	32.6
9	32.8
9	33.0
9	33.2
9	33.4
9	33.6
9	33.8
9	34.0
9	34.2
9	34.4
9	34.6
9	34.8
9	35.0
9	35.2
9	35.4
9	35.6
9	35.8
9	36.0
9	36.2
9	36.4
9	36.6
9	36.8
9	37.0
9	37.2
9	37.4
9	37.6
9	37.8
9	38.0
9	38.2
9	38.4
9	38.6
9	38.8
9	39.0
9	39.2
9	39.4
9	39.6
9	39.8
9	40.0
9	40.2
9	40.4
9	40.6
9	40.8
9	41.0
9	41.2
9	41.4
9	41.6
9	41.8
9	42.0
9	42.2
9	42.4
9	42.6
9	42.8
9	43.0
9	43.2
9	43.4
9	43.6
9	43.8
9	44.0
9	44.2
9	44.4
9	44.6
9	44.8
9	45.0
9	45.2
9	45.4
9	45.6
9	45.8
9	46.0
9	46.2
9	46.4
9	46.6
9	46.8
9	47.0
9	47.2
9	47.4
9	47.6
9	47.8
9	48.0
9	48.2
9	48.4
9	48.6
9	48.8
9	49.0
9	49.2
9	49.4
9	49.6
9	49.8
9	50.0
9	50.2
9	50.4
9	50.6
9	50.8
9	51.0
9	51.2
9	51.4
9	51.6
9	51.8
9	52.0
9	52.2
9	52.4
9	52.6
9	52.8
9	53.0
9	53.2
9	53.4
9	53.6
9	53.8
9	54.0
9	54.2
9	54.4
9	54.6
9	54.8
9	55.0
9	55.2
9	55.4
9	55.6
9	55.8
9	56.0
9	56.2
9	56.4
9	56.6
9	56.8
9	57.0
9	57.2
9	57.4
9	57.6
9	57.8
9	58.0
9	58.2
9	58.4
9	58.6
9	58.8
9	59.0
9	59.2
9	59.4
9	59.6
9	59.8
9	60.0
9	60.2
9	60.4
9	60.6
9	60.8
9	61.0
9	61.2
9	61.4
9	61.6
9	61.8
9	62.0
9	62.2
9	62.4
9	62.6
9	62.8
9	63.0
9	63.2
9	63.4
9	63.6
9	63.8
9	64.0
9	64.2
9	64.4
9	64.6
9	64.8
9	65.0
9	65.2
9	65.4
9	65.6
9	65.8
9	66.0
9	66.2
9	66.4
9	66.6
9	66.8
9	67.0
9	67.2
9	67.4
9	67.6
9	67.8
9	68.0
9	68.2
9	68.4
9	68.6
9	68.8
9	69.0
9	69.2
9	69.4
9	69.6
9	69.8
9	70.0
9	70.2
9	70.4
9	70.6
9	70.8
9	71.0
9	71.2
9	71.4
9	71.6
9	71.8
9	72.0
9	72.2
9	72.4
9	72.6
9	72.8
9	73.0
9	73.2
9	73.4
9	73.6
9	73.8
9	74.0
9	74.2
9	74.4
9	74.6
9	74.8
9	75.0
9	75.2
9	75.4
9	75.6
9	75.8
9	76.0
9	76.2
9	76.4
9	76.6
9	76.8
9	77.0
9	77.2
9	77.4
9	77.6
9	77.8
9	78.0
9	78.2
9	78.4
9	78.6
9	78.8
9	79.0
9	79.2
9	79.4
9	79.6
9	79.8
9	80.0
9	80.2
9	80.4
9	80.6
9	80.8
9	81.0
9	81.2
9	81.4
9	81.6
9	81.8
9	82.0
9	82.2
9	82.4
9	82.6
9	82.8
9	83.0
9	83.2
9	83.4
9	83.6
9	83.8
9	84.0
9	84.2
9	84.4
9	84.6
9	84.8
9	85.0
9	85.2
9	85.4
9	85.6
9	85.8
9	86.0
9	86.2
9	86.4
9	86.6
9	86.8
9	87.0
9	87.2
9	87.4
9	87.6
9	87.8
9	88.0
9	88.2
9	88.4
9	88.6
9	88.8
9	89.0
9	89.2
9	89.4
9	89.6
9	89.8
9	90.0
9	90.2
9	90.4
9	90.6
9	90.8
9	91.0
9	91.2
9	91.4
9	91.6
9	91.8
9	92.0
9	92.2
9	92.4
9	92.6
9	92.8
9	93.0
9	93.2
9	93.4
9	93.6
9	93.8
9	94.0
9	94.2
9	94.4
9	94.6
9	94.8
9	95.0
9	95.2
9	95.4
9	95.6
9	95.8
9	96.0
9	96.2
9	96.4
9	96.6
9	96.8
9	97.0
9	97.2
9	97.4
9	97.6
9	97.8
9	98.0
9	98.2
9	98.4
9	98.6
9	98.8
9	99.0
9	99.2
9	99.4
9	99.6
9	99.8
9	100.0
9	100.2
9	100.4
9	100.6
9	100.8
9	101.0
9	101.2
9	101.4
9	101.6
9	101.8
9	102.0
9	102.2
9	102.4
9	102.6
9	102.8
9	103.0
9	103.2
9	103.4
9	103.6
9	103.8
9	104.0
9	104.2
9	104.4
9	104.6
9	104.8
9	105.0
9	105.2
9	105.4
9	105.6
9	105.8
9	106.0
9	106.2
9	106.4
9	106.6
9	106.8
9	107.0
9	107.2
9	107.4
9	107.6
9	107.8
9	108.0
9	108.2
9	108.4
9	108.6
9	108.8
9	109.0
9	109.2
9	109.4
9	109.6
9	109.8
9	110.0
9	110.2
9	110.4
9	110.6
9	110.8
9	111.0
9	111.2
9	111.4
9	111.6
9	111.8
9	112.0
9	112.2
9	112.4
9	112.6
9	112.8
9	113.0
9	113.2
9	113.4
9	113.6
9	113.8
9	114.0
9	114.2
9	114.4
9	114.6
9	114.8
9	115.0
9	115.2
9	115.4
9	115.6
9	115.8
9	116.0
9	116.2
9	116.4
9	116.6
9	116.8
9	117.0
9	117.2
9	117.4
9	117.6
9	117.8
9	118.0
9	118.2
9	118.4
9	118.6
9	118.8
9	119.0
9	119.2
9	119.4
9	119.6
9	119.8
9	120.0
9	120.2
9	120.4
9	120.6
9	120.8
9	121.0
9	121.2
9	121.4
9	121.6
9	121.8
9	122.0
9	122.2
10	-6.4
10	-6.2
10	-6.0
10	-5.8
10	-5.6
10	-5.4
10	-5.2
10	-5.0
10	-4.8
10	-4.6
10	-4.4
10	-4.2
10	-4.0
10	-3.8
10	-3.6
10	-3.4
10	-3.2
10	-3.0
10	-2.8
10	-2.6
10	-2.4
10	-2.2
10	-2.0
10	-1.8
10	-1.6
10	-1.4
10	-1.2
10	-1.0
10	-0.8
10	-0.6
10	-0.4
10	-0.2
10	0.0
10	0.2
10	0.4
10	0.6
10	0.8
10	1.0
10	1.2
10	1.4
10	1.6
10	1.8
10	2.0
10	2.2
10	2.4
10	2.6
10	2.8
10	3.0
10	3.2
10	3.4
10	3.6
10	3.8
10	4.0
10	4.2
10	4.4
10	4.6
10	4.8
10	5.0
10	5.2
10	5.4
10	5.6
10	5.8
10	6.0
10	6.2
10	6.4
10	6.6
10	6.8
10	7.0
10	7.2
10	7.4
10	7.6
10	7.8
10	8.0
10	8.2
10	8.4
10	8.6
10	8.8
10	9.0
10	9.2
10	9.4
10	9.6
10	9.8
10	10.0
10	10.2
10	10.4
10	10.6
10	10.8
10	11.0
10	11.2
10	11.4
10	11.6
10	11.8
10	12.0
10	12.2
10	12.4
10	12.6
10	12.8
10	13.0
10	13.2
10	13.4
10	13.6
10	13.8
10	14.0
10	14.2
10	14.4
10	14.6
10	14.8
10	15.0
10	15.2
10	15.4
10	15.6
10	15.8
10	16.0
10	16.2
10	16.4
10	16.6
10	16.8
10	17.0
10	17.2
10	17.4
10	17.6
10	17.8
10	18.0
10	18.2
10	18.4
10	18.6
10	18.8
10	19.0
10	19.2
10	19.4
10	19.6
10	19.8
10	20.0
10	20.2
10	20.4
10	20.6
10	20.8
10	21.0
10	21.2
10	21.4
10	21.6
10	21.8
10	22.0
10	22.2
10	22.4
10	22.6
10	22.8
10	23.0
10	23.2
10	23.4
10	23.6
10	23.8
10	24.0
10	24.2
10	24.4
10	24.6
10	24.8
10	25.0
10	25.2
10	25.4
10	25.6
10	25.8
10	26.0
10	26.2
10	26.4
10	26.6
10	26.8
10	27.0
10	27.2
10	27.4
10	27.6
10	27.8
10	28.0
10	28.2
10	28.4
10	28.6
10	28.8
10	29.0
10	29.2
10	29.4
10	29.6
10	29.8
10	30.0
10	30.2
10	30.4
10	30.6
10	30.8
10	31.0
10	31.2
10	31.4
10	31.6
10	31.8
10	32.0
10	32.2
10	32.4
10	32.6
10	32.8
10	33.0
10	33.2
10	33.4
10	33.6
10	33.8
10	34.0
10	34.2
10	34.4
10	34.6
10	34.8
10	35.0
10	35.2
10	35.4
10	35.6
10	35.8
10	36.0
10	36.2
10	36.4
10	36.6
10	36.8
10	37.0
10	37.2
10	37.4
10	37.6
10	37.8
10	38.0
10	38.2
10	38.4
10	38.6
10	38.8
10	39.0
10	39.2
10	39.4
10	39.6
10	39.8
10	40.0
10	40.2
10	40.4
10	40.6
10	40.8
10	41.0
10	41.2
10	41.4
10	41.6
10	41.8
10	42.0
10	42.2
10	42.4
10	42.6
10	42.8
10	43.0
10	43.2
10	43.4
10	43.6
10	43.8
10	44.0
10	44.2
10	44.4
10	44.6
10	44.8
10	45.0
10	45.2
10	45.4
10	45.6
10	45.8
10	46.0
10	46.2
10	46.4
10	46.6
10	46.8
10	47.0
10	47.2
10	47.4
10	47.6
10	47.8
10	48.0
10	48.2
10	48.4
10	48.6
10	48.8
10	49.0
10	49.2
10	49.4
10	49.6
10	49.8
10	50.0
10	50.2
10	50.4
10	50.6
10	50.8
10	51.0
10	51.2
10	51.4
10	51.6
10	51.8
10	52.0
10	52.2
10	52.4
10	52.6
10	52.8
10	53.0
10	53.2
10	53.4
10	53.6
10	53.8
10	54.0
10	54.2
10	54.4
10	54.6
10	54.8
10	55.0
10	55.2
10	55.4
10	55.6
10	55.8
10	56.0
10	56.2
10	56.4
10	56.6
10	56.8
10	57.0
10	57.2
10	57.4
10	57.6
10	57.8
10	58.0
10	58.2
10	58.4
10	58.6
10	58.8
10	59.0
10	59.2
10	59.4
10	59.6
10	59.8
10	60.0
10	60.2
10	60.4
10	60.6
10	60.8
10	61.0
10	61.2
10	61.4
10	61.6
10	61.8
10	62.0
10	62.2
10	62.4
10	62.6
10	62.8
10	63.0
10	63.2
10	63.4
10	63.6
10	63.8
10	64.0
10	64.2
10	64.4
10	64.6
10	64.8
10	65.0
10	65.2
10	65.4
10	65.6
10	65.8
10	66.0
10	66.2
10	66.4
10	66.6
10	66.8
10	67.0
10	67.2
10	67.4
10	67.6
10	67.8
10	68.0
10	68.2
10	68.4
10	68.6
10	68.8
10	69.0
10	69.2
10	69.4
10	69.6
10	69.8
10	70.0
10	70.2
10	70.4
10	70.6
10	70.8
10	71.0
10	71.2
10	71.4
10	71.6
10	71.8
10	72.0
10	72.2
10	72.4
10	72.6
10	72.8
10	73.0
10	73.2
10	73.4
10	73.6
10	73.8
10	74.0
10	74.2
10	74.4
10	74.6
10	74.8
10	75.0
10	75.2
10	75.4
10	75.6
10	75.8
10	76.0
10	76.2
10	76.4
10	76.6
10	76.8
10	77.0
10	77.2
10	77.4
10	77.6
10	77.8
10	78.0
10	78.2
10	78.4
10	78.6
10	78.8
10	79.0
10	79.2
10	79.4
10	79.6
10	79.8
10	80.0
10	80.2
10	80.4
10	80.6
10	80.8
10	81.0
10	81.2
10	81.4
10	81.6
10	81.8
10	82.0
10	82.2
10	82.4
10	82.6
10	82.8
10	83.0
10	83.2
10	83.4
10	83.6
10	83.8
10	84.0
10	84.2
10	84.4
10	84.6
10	84.8
10	85.0
10	85.2
10	85.4
10	85.6
10	85.8
10	86.0
10	86.2
10	86.4
10	86.6
10	86.8
10	87.0
10	87.2
10	87.4
10	87.6
10	87.8
10	88.0
10	88.2
10	88.4
10	88.6
10	88.8
10	89.0
10	89.2
10	89.4
10	89.6
10	89.8
10	90.0
10	90.2
10	90.4
10	90.6
10	90.8
10	91.0
10	91.2
10	91.4
10	91.6
10	91.8
10	92.0
10	92.2
10	92.4
10	92.6
10	92.8
10	93.0
10	93.2
10	93.4
10	93.6
10	93.8
10	94.0
10	94.2
10	94.4
10	94.6
10	94.8
10	95.0
10	95.2
10	95.4
10	95.6
10	95.8
10	96.0
10	96.2
10	96.4
10	96.6
10	96.8
10	97.0
10	97.2
10	97.4
10	97.6
10	97.8
10	98.0
10	98.2
10	98.4
10	98.6
10	98.8
10	99.0
10	99.2
10	99.4
10	99.6
10	99.8
10	100.0
10	100.2
10	100.4
10	100.6
10	100.8
10	101.0
10	101.2
10	101.4
10	101.6
10	101.8
10	102.0
10	102.2
10	102.4
10	102.6
10	102.8
10	103.0
10	103.2
10	103.4
10	103.6
10	103.8
10	104.0
10	104.2
10	104.4
10	104.6
10	104.8
10	105.0
10	105.2
10	105.4
10	105.6
10	105.8
10	106.0
10	106.2
10	106.4
10	106.6
