,sample_id,1,2,3,4,5,6,sample,original_ordering,ordered_ids
0,1,0.0,0.9996,0.0,0.0004,0.0,0.0,C0_062314_002,27,C0_062314_030
1,2,0.011,0.0015,0.0004,0.1047,0.0,0.8824,C0_062314_003,95,C0_165_3
2,3,0.0,0.3832,0.0,0.6168,0.0,0.0,C0_062314_004,61,C0_062314_065
3,4,0.0,0.4085,0.5134,0.0782,0.0,0.0,C0_062314_005,45,C0_062314_049
4,5,0.0,0.0009,0.0,0.0048,0.0,0.9943,C0_062314_006,94,C0_165_2
5,6,0.2195,0.0198,0.021,0.2371,0.1295,0.3731,C0_062314_007,104,C0_169_3
6,7,0.0,0.4907,0.0,0.5093,0.0,0.0,C0_062314_009,75,C0_062314_083
7,8,0.9994,0.0,0.0,0.0006,0.0,0.0,C0_062314_010,16,C0_062314_019
8,9,0.4155,0.0079,0.0007,0.5736,0.0005,0.0018,C0_062314_011,83,C0_062314_093
9,10,0.0,0.4622,0.0,0.5378,0.0,0.0,C0_062314_012,68,C0_062314_073
10,11,0.0,0.0003,0.0,0.0115,0.0,0.9882,C0_062314_013,93,C0_165_1
11,12,0.0,0.0,0.0,1.0,0.0,0.0,C0_062314_014,51,C0_062314_055
12,13,0.9243,0.001,0.0008,0.0729,0.001,0.0,C0_062314_015,9,C0_062314_011
13,14,0.3813,0.0014,0.6129,0.0024,0.0008,0.0012,C0_062314_016,48,C0_062314_052
14,15,0.0,1.0,0.0,0.0,0.0,0.0,C0_062314_018,28,C0_062314_031
15,16,0.0908,0.0184,0.0014,0.1178,0.0044,0.7673,C0_062314_019,98,C0_166_3
16,17,0.0009,0.0014,0.0,0.2705,0.7262,0.001,C0_062314_020,85,C0_062314_095
17,18,0.0055,0.5564,0.0047,0.0324,0.3745,0.0265,C0_062314_021,34,C0_062314_038
18,19,0.0009,0.0026,0.0024,0.2734,0.7198,0.0009,C0_062314_022,86,C0_062314_096
19,20,0.0,0.9961,0.0,0.0039,0.0,0.0,C0_062314_023,19,C0_062314_022
20,21,0.0,0.3802,0.0,0.6198,0.0,0.0,C0_062314_024,60,C0_062314_064
21,22,0.0,1.0,0.0,0.0,0.0,0.0,C0_062314_025,29,C0_062314_033
22,23,0.062,0.0012,0.0093,0.1665,0.0342,0.7267,C0_062314_026,96,C0_166_1
23,24,0.0,0.0,0.0,1.0,0.0,0.0,C0_062314_027,52,C0_062314_056
24,25,0.0,1.0,0.0,0.0,0.0,0.0,C0_062314_028,30,C0_062314_034
25,26,0.1668,0.003,0.0022,0.1614,0.0722,0.5944,C0_062314_029,102,C0_169_1
26,27,0.0071,0.002,0.0012,0.2184,0.7706,0.0007,C0_062314_030,90,C0_164_3
27,28,0.0,0.3532,0.0,0.6468,0.0,0.0,C0_062314_031,58,C0_062314_062
28,29,0.0,0.0,0.0,0.0,0.0,1.0,C0_062314_033,92,C0_164_5
29,30,0.0005,0.9509,0.0,0.0486,0.0,0.0,C0_062314_034,33,C0_062314_037
30,31,0.0,0.0,1.0,0.0,0.0,0.0,C0_062314_035,38,C0_062314_042
31,32,0.0,1.0,0.0,0.0,0.0,0.0,C0_062314_036,31,C0_062314_035
32,33,0.0,0.9987,0.0,0.0013,0.0,0.0,C0_062314_037,22,C0_062314_025
33,34,0.8857,0.0016,0.0009,0.1065,0.0042,0.0011,C0_062314_038,4,C0_062314_005
34,35,0.0,0.4155,0.0,0.5845,0.0,0.0,C0_062314_039,64,C0_062314_068
35,36,0.3906,0.0023,0.0001,0.6068,0.0,0.0002,C0_062314_040,82,C0_062314_092
36,37,0.0,0.4681,0.0,0.5319,0.0,0.0,C0_062314_041,69,C0_062314_074
37,38,0.0,0.999,0.0,0.001,0.0,0.0,C0_062314_042,24,C0_062314_027
38,39,0.2754,0.008,0.0526,0.23,0.1652,0.2688,C0_062314_043,1,C0_062314_002
39,40,0.9038,0.005,0.0017,0.0872,0.001,0.0013,C0_062314_044,6,C0_062314_007
40,41,0.1428,0.0102,0.0021,0.0813,0.0179,0.7458,C0_062314_045,101,C0_168_2
41,42,0.9913,0.0013,0.0016,0.0039,0.0009,0.001,C0_062314_046,12,C0_062314_014
42,43,0.0,0.0,1.0,0.0,0.0,0.0,C0_062314_047,39,C0_062314_043
43,44,0.0,0.4211,0.0,0.5789,0.0,0.0,C0_062314_048,65,C0_062314_070
44,45,0.0,0.4822,0.0,0.5178,0.0,0.0,C0_062314_049,72,C0_062314_078
45,46,0.0,0.5514,0.0,0.4486,0.0,0.0,C0_062314_050,18,C0_062314_021
46,47,0.0,1.0,0.0,0.0,0.0,0.0,C0_062314_051,32,C0_062314_036
47,48,0.001,0.001,0.0005,0.2455,0.752,0.0,C0_062314_052,87,C0_062314_097
48,49,0.0959,0.5089,0.0479,0.1777,0.1367,0.0328,C0_062314_053,35,C0_062314_039
49,50,0.7398,0.0062,0.0037,0.1659,0.0581,0.0264,C0_062314_054,2,C0_062314_003
50,51,0.9229,0.0017,0.001,0.0728,0.0007,0.0009,C0_062314_055,8,C0_062314_010
51,52,0.0,0.0,0.0,1.0,0.0,0.0,C0_062314_056,53,C0_062314_057
52,53,0.0,0.0,1.0,0.0,0.0,0.0,C0_062314_057,40,C0_062314_044
53,54,0.0,0.0,0.0,1.0,0.0,0.0,C0_062314_058,54,C0_062314_058
54,55,0.0,0.0,1.0,0.0,0.0,0.0,C0_062314_059,41,C0_062314_045
55,56,0.3919,0.0016,0.5264,0.0702,0.0034,0.0065,C0_062314_060,49,C0_062314_053
56,57,0.9624,0.001,0.0008,0.0351,0.0005,0.0002,C0_062314_061,11,C0_062314_013
57,58,0.0,0.3567,0.0,0.6433,0.0,0.0,C0_062314_062,59,C0_062314_063
58,59,0.0,0.497,0.0,0.503,0.0,0.0,C0_062314_063,77,C0_062314_086
59,60,0.0,0.0,1.0,0.0,0.0,0.0,C0_062314_064,42,C0_062314_046
60,61,0.0,0.431,0.0,0.569,0.0,0.0,C0_062314_065,66,C0_062314_071
61,62,0.0028,0.003,0.9793,0.0107,0.0008,0.0034,C0_062314_066,47,C0_062314_051
62,63,0.0,0.9981,0.0,0.0019,0.0,0.0,C0_062314_067,20,C0_062314_023
63,64,0.0,0.4935,0.0,0.5065,0.0,0.0,C0_062314_068,76,C0_062314_084
64,65,0.0,0.999,0.0,0.001,0.0,0.0,C0_062314_070,25,C0_062314_028
65,66,0.1296,0.0417,0.0009,0.133,0.0515,0.6432,C0_062314_071,100,C0_168_1
66,67,0.4632,0.5167,0.0024,0.0163,0.0004,0.001,C0_062314_072,36,C0_062314_040
67,68,0.0,0.3868,0.0,0.6132,0.0,0.0,C0_062314_073,62,C0_062314_066
68,69,0.0011,0.001,0.9951,0.0028,0.0,0.0,C0_062314_074,46,C0_062314_050
69,70,0.2367,0.0844,0.0765,0.14,0.1208,0.3416,C0_062314_076,105,C0_171_1
70,71,0.9978,0.0001,0.0001,0.002,0.0,0.0,C0_062314_077,15,C0_062314_018
71,72,0.1022,0.007,0.0266,0.105,0.0011,0.7581,C0_062314_078,99,C0_167_2
72,73,0.8894,0.0031,0.0033,0.0979,0.0011,0.0052,C0_062314_080,5,C0_062314_006
73,74,0.0,0.0,0.0,1.0,0.0,0.0,C0_062314_082,55,C0_062314_059
74,75,0.0966,0.0018,0.0423,0.6793,0.0928,0.0872,C0_062314_083,80,C0_062314_090
75,76,0.0,0.999,0.0,0.001,0.0,0.0,C0_062314_084,26,C0_062314_029
76,77,0.3899,0.0116,0.001,0.5908,0.0058,0.0009,C0_062314_086,81,C0_062314_091
77,78,0.0,0.0,0.0,1.0,0.0,0.0,C0_062314_087,56,C0_062314_060
78,79,0.0877,0.0071,0.001,0.0766,0.0004,0.8271,C0_062314_088,97,C0_166_2
79,80,0.0,0.9988,0.0,0.0012,0.0,0.0,C0_062314_090,23,C0_062314_026
80,81,0.2025,0.0389,0.0143,0.1339,0.0614,0.549,C0_062314_091,103,C0_169_2
81,82,0.4697,0.0002,0.5291,0.001,0.0,0.0,C0_062314_092,50,C0_062314_054
82,83,0.0,0.4866,0.0,0.5134,0.0,0.0,C0_062314_093,73,C0_062314_080
83,84,0.0,0.508,0.0,0.492,0.0,0.0,C0_062314_094,17,C0_062314_020
84,85,0.0,0.9983,0.0,0.0017,0.0,0.0,C0_062314_095,21,C0_062314_024
85,86,0.936,0.0016,0.001,0.0605,0.0,0.0009,C0_062314_096,10,C0_062314_012
86,87,0.0,0.0,0.0,1.0,0.0,0.0,C0_062314_097,57,C0_062314_061
87,88,0.0,0.3879,0.0,0.6121,0.0,0.0,C0_164_1,63,C0_062314_067
88,89,0.0,0.4803,0.0,0.5197,0.0,0.0,C0_164_2,71,C0_062314_077
89,90,0.9215,0.0016,0.001,0.0743,0.0003,0.0013,C0_164_3,7,C0_062314_009
90,91,0.0034,0.001,0.0016,0.2526,0.7407,0.0007,C0_164_4,89,C0_164_2
91,92,0.0,0.4778,0.0,0.5222,0.0,0.0,C0_164_5,70,C0_062314_076
92,93,0.9932,0.002,0.0002,0.0045,0.0,0.0001,C0_165_1,13,C0_062314_015
93,94,0.0017,0.0288,0.002,0.2059,0.7606,0.001,C0_165_2,88,C0_164_1
94,95,0.0,0.0,1.0,0.0,0.0,0.0,C0_165_3,43,C0_062314_047
95,96,0.0,0.0,1.0,0.0,0.0,0.0,C0_166_1,44,C0_062314_048
96,97,0.0,0.0,0.9995,0.0005,0.0,0.0,C0_166_2,37,C0_062314_041
97,98,0.0,0.4902,0.0,0.5098,0.0,0.0,C0_166_3,74,C0_062314_082
98,99,0.0437,0.0019,0.0631,0.678,0.1388,0.0744,C0_167_2,79,C0_062314_088
99,100,0.8088,0.0065,0.0413,0.1159,0.0217,0.0057,C0_168_1,3,C0_062314_004
100,101,0.9963,0.0009,0.0007,0.0019,0.0,0.0002,C0_168_2,14,C0_062314_016
101,102,0.418,0.001,0.0001,0.5807,0.0002,0.0,C0_169_1,84,C0_062314_094
102,103,0.0155,0.001,0.001,0.691,0.2904,0.0011,C0_169_2,78,C0_062314_087
103,104,0.1267,0.008,0.0063,0.2119,0.3744,0.2727,C0_169_3,91,C0_164_4
104,105,0.0,0.4602,0.0,0.5398,0.0,0.0,C0_171_1,67,C0_062314_072
