100
I6032	1.001	-0.006	-0.089	-0.024	0.019	-0.046	-0.103	0.053	0.016	0.096	-0.021	0.015	0.001	-0.179	0.043	-0.069	0.014	-0.053	-0.091	-0.058	-0.019	-0.112	-0.011	-0.142	-0.100	0.135	-0.027	-0.002	0.052	0.046	0.074	0.027	-0.130	-0.016	0.021	0.064	-0.063	0.011	-0.057	-0.077	-0.066	-0.113	-0.018	-0.065	0.059	0.048	0.050	-0.046	0.017	-0.008	-0.102	0.141	0.069	-0.093	0.003	-0.083	-0.020	0.043	0.052	-0.067	0.068	-0.009	0.113	-0.120	0.002	-0.059	0.087	-0.002	0.054	0.005	-0.097	0.091	-0.014	-0.031	-0.086	-0.069	-0.045	0.032	0.113	0.074	-0.006	0.079	0.126	0.053	-0.158	-0.087	0.034	-0.011	-0.145	-0.021	-0.142	0.005	0.065	0.069	-0.030	0.064	-0.036	0.009	0.132	-0.105
I6067	-0.006	1.003	0.022	-0.038	-0.023	-0.049	-0.004	-0.044	-0.023	-0.017	-0.036	0.153	0.049	0.014	-0.034	-0.065	0.047	-0.076	-0.003	-0.033	0.068	-0.052	-0.120	0.011	-0.079	0.124	-0.179	0.050	0.009	0.118	-0.141	-0.020	0.056	-0.110	0.030	-0.076	0.091	-0.211	-0.111	0.089	0.127	0.081	0.045	0.054	-0.081	-0.013	-0.020	-0.135	-0.053	-0.046	-0.164	0.146	0.011	0.100	-0.157	0.032	-0.094	0.016	0.025	-0.129	0.112	-0.020	0.024	-0.010	0.031	-0.090	-0.093	-0.025	-0.051	0.064	-0.151	-0.120	-0.119	0.041	0.049	0.049	-0.052	-0.081	-0.047	0.091	0.089	0.083	-0.006	-0.064	0.094	0.094	0.004	-0.061	-0.022	-0.134	0.035	0.056	-0.071	0.081	0.050	-0.045	0.075	-0.029	0.062	-0.022
I6167	-0.089	0.022	0.857	0.149	-0.000	-0.018	-0.028	-0.139	-0.098	-0.069	-0.005	0.097	0.028	0.041	0.024	-0.057	-0.032	0.080	-0.020	0.017	-0.043	-0.033	-0.003	0.050	-0.005	-0.112	0.021	-0.037	-0.074	-0.044	-0.016	-0.040	0.039	-0.032	-0.124	-0.026	-0.062	0.015	-0.014	0.065	0.083	-0.002	-0.010	-0.041	0.005	0.021	0.062	0.064	0.033	-0.094	0.102	-0.090	0.053	-0.002	0.007	0.074	0.051	-0.024	-0.054	-0.067	-0.049	-0.162	0.003	-0.104	-0.107	0.090	-0.011	-0.025	0.063	-0.007	0.045	0.012	0.132	-0.054	0.021	0.029	-0.033	-0.105	0.011	-0.059	0.147	-0.113	-0.027	-0.010	0.046	-0.114	-0.036	-0.078	-0.031	0.038	-0.091	0.044	0.132	-0.033	-0.014	0.033	-0.063	-0.018	-0.084	0.126
I6182	-0.024	-0.038	0.149	0.941	-0.009	0.032	-0.119	-0.030	-0.079	0.024	0.033	0.124	-0.106	-0.027	0.097	-0.102	-0.065	-0.003	-0.193	-0.168	-0.032	-0.042	-0.066	0.018	-0.026	-0.074	-0.024	0.076	-0.145	-0.080	0.081	-0.033	0.046	0.006	-0.129	-0.043	-0.111	-0.013	0.111	0.076	0.011	0.075	0.122	-0.007	-0.059	-0.035	-0.002	-0.051	0.173	0.081	0.015	-0.099	0.052	0.059	-0.014	0.058	-0.084	-0.091	-0.028	0.062	0.040	-0.147	0.018	0.075	-0.124	0.038	0.023	-0.128	-0.021	-0.059	0.118	0.176	0.021	0.031	-0.055	0.106	0.013	-0.059	-0.147	0.011	-0.124	-0.020	-0.189	0.044	-0.006	0.108	0.034	0.047	0.003	0.049	0.030	0.004	0.084	-0.105	-0.011	-0.129	-0.064	-0.019	-0.010	0.078
I6193	0.019	-0.023	-0.000	-0.009	1.191	-0.133	-0.061	0.040	-0.100	0.016	-0.014	-0.116	0.101	0.082	0.057	0.031	0.009	-0.047	-0.057	0.122	-0.021	-0.038	-0.051	-0.097	-0.015	0.055	-0.083	0.099	-0.020	0.025	-0.104	0.084	-0.088	0.010	0.012	0.039	-0.217	-0.017	0.079	-0.164	-0.189	0.051	-0.016	-0.039	0.089	-0.133	-0.011	0.020	0.035	-0.135	0.034	-0.033	0.024	-0.079	-0.101	0.041	-0.092	0.112	-0.024	0.073	0.035	-0.143	-0.014	-0.090	-0.140	0.057	0.093	-0.082	0.018	0.011	-0.012	0.046	-0.031	-0.020	0.105	-0.141	-0.035	-0.063	-0.057	0.006	-0.093	0.164	0.015	0.075	-0.030	-0.112	0.076	-0.028	-0.099	0.170	-0.026	-0.040	-0.011	-0.023	-0.003	0.109	-0.131	0.161	0.068	-0.008
I6211	-0.046	-0.049	-0.018	0.032	-0.133	0.928	-0.000	-0.064	-0.086	-0.010	0.086	0.058	-0.073	0.010	0.012	-0.022	0.019	0.026	-0.051	0.010	-0.023	-0.072	0.221	0.090	0.038	-0.174	0.049	-0.037	-0.085	-0.099	-0.016	-0.067	0.000	-0.004	-0.045	-0.077	0.044	0.079	-0.100	-0.045	-0.026	-0.045	-0.096	-0.068	0.068	0.076	-0.067	0.053	-0.089	0.118	-0.078	0.071	-0.052	0.014	0.117	-0.102	-0.004	0.051	-0.058	0.008	-0.002	0.133	0.082	0.002	0.026	-0.063	0.013	0.104	0.031	-0.030	-0.084	-0.058	0.077	0.013	0.001	-0.022	0.109	0.060	-0.004	-0.031	-0.017	-0.168	0.013	-0.052	0.070	0.082	-0.036	-0.011	-0.015	-0.126	0.078	-0.105	0.062	-0.150	0.085	0.088	-0.020	-0.155	-0.095	-0.085
I6434	-0.103	-0.004	-0.028	-0.119	-0.061	-0.000	1.041	-0.019	0.245	-0.036	-0.077	-0.073	0.066	0.062	-0.147	0.101	-0.019	-0.063	-0.006	-0.071	0.018	0.114	0.046	-0.140	0.016	0.098	-0.158	0.102	-0.068	0.052	-0.077	0.154	0.026	-0.061	-0.063	-0.004	0.045	-0.100	0.012	0.098	-0.048	0.023	0.137	-0.015	-0.170	0.058	0.134	-0.091	-0.032	-0.033	-0.096	-0.096	0.036	-0.059	0.342	-0.014	0.025	-0.049	0.089	-0.041	-0.118	0.025	-0.132	0.074	0.036	-0.124	-0.095	-0.102	-0.034	-0.048	-0.044	-0.178	-0.086	-0.036	-0.060	-0.094	0.004	-0.025	0.021	0.026	-0.031	0.049	-0.056	0.126	0.107	-0.081	-0.054	0.034	-0.005	0.056	0.135	-0.091	-0.098	-0.055	0.008	-0.040	0.115	-0.083	-0.003	0.058
I6484	0.053	-0.044	-0.139	-0.030	0.040	-0.064	-0.019	0.895	0.037	0.034	-0.078	-0.125	-0.072	-0.040	0.056	-0.068	-0.074	-0.103	-0.058	-0.001	-0.022	-0.047	-0.095	-0.003	0.118	0.019	-0.041	-0.087	0.140	-0.082	-0.073	-0.062	0.064	-0.011	-0.032	0.058	-0.042	0.044	0.066	-0.059	-0.065	0.019	0.085	0.090	-0.045	0.109	-0.015	-0.127	-0.060	0.049	-0.014	-0.046	0.062	-0.005	-0.082	0.127	0.029	0.119	-0.013	0.002	0.042	-0.007	-0.007	0.011	-0.039	0.123	0.038	-0.028	0.033	0.006	-0.005	-0.092	-0.063	-0.002	-0.009	-0.134	0.035	0.018	0.024	-0.069	-0.083	-0.124	-0.025	-0.047	-0.082	0.044	0.009	-0.033	0.025	0.110	-0.019	0.018	-0.130	0.184	-0.028	-0.009	-0.085	-0.032	0.110	0.053
I6500	0.016	-0.023	-0.098	-0.079	-0.100	-0.086	0.245	0.037	1.054	-0.055	-0.022	-0.108	-0.020	-0.105	-0.060	0.157	0.029	-0.011	0.054	-0.129	0.003	0.025	0.000	-0.018	-0.054	0.071	0.082	0.036	-0.122	0.010	-0.005	0.034	-0.095	-0.017	-0.066	0.102	-0.036	-0.111	0.032	0.024	-0.083	-0.051	-0.067	0.024	-0.040	-0.027	0.162	-0.070	-0.094	-0.017	0.066	-0.013	-0.007	-0.035	0.021	-0.068	0.006	0.050	-0.047	-0.142	-0.019	0.037	-0.167	-0.047	0.056	-0.068	-0.051	0.036	-0.060	-0.059	0.028	-0.059	-0.007	-0.036	-0.039	-0.078	0.009	0.059	-0.057	-0.099	0.001	0.152	0.066	0.150	-0.033	0.030	0.104	-0.024	0.027	0.170	0.065	-0.075	-0.038	-0.062	-0.019	-0.094	-0.013	0.157	-0.112	0.011
I6504	0.096	-0.017	-0.069	0.024	0.016	-0.010	-0.036	0.034	-0.055	1.026	0.105	0.050	-0.085	-0.014	0.063	-0.053	0.082	0.096	0.024	0.120	0.174	-0.040	0.076	-0.052	0.081	-0.139	-0.022	-0.111	0.029	-0.028	0.008	-0.138	0.118	-0.102	0.006	-0.049	0.044	0.102	0.077	-0.151	0.119	0.017	-0.002	-0.017	-0.140	-0.026	-0.056	-0.002	0.033	0.059	-0.035	-0.055	-0.049	-0.053	0.058	-0.035	-0.047	-0.031	-0.081	-0.027	-0.139	0.062	-0.106	-0.073	0.113	0.125	0.072	-0.107	-0.192	0.064	-0.128	-0.003	-0.052	-0.026	-0.124	-0.092	0.014	0.158	0.031	0.173	-0.158	-0.035	-0.014	-0.005	-0.114	0.004	-0.189	-0.058	-0.054	-0.107	-0.106	0.107	-0.060	0.014	0.022	-0.018	-0.043	-0.010	0.015	0.131
I6612	-0.021	-0.036	-0.005	0.033	-0.014	0.086	-0.077	-0.078	-0.022	0.105	0.977	0.036	-0.107	-0.040	0.076	0.003	0.130	-0.024	0.041	0.074	0.049	-0.059	0.019	-0.031	0.063	-0.114	0.160	-0.082	0.038	-0.066	0.041	-0.187	0.037	-0.046	0.094	-0.032	0.041	0.025	-0.032	-0.083	0.053	-0.068	-0.079	0.121	-0.100	-0.028	-0.015	0.156	0.038	-0.061	0.014	0.107	-0.169	-0.099	-0.101	-0.124	-0.116	-0.065	-0.080	-0.010	-0.040	0.040	0.056	-0.099	0.028	-0.007	-0.080	-0.012	-0.101	-0.064	-0.044	0.026	0.051	-0.068	0.014	-0.083	-0.063	-0.025	0.021	0.006	0.024	0.002	0.065	-0.047	-0.074	0.142	-0.148	0.026	0.230	-0.070	-0.030	-0.045	-0.055	-0.055	0.023	-0.021	0.005	0.258	-0.039	-0.095
I6769	0.015	0.153	0.097	0.124	-0.116	0.058	-0.073	-0.125	-0.108	0.050	0.036	0.970	-0.088	-0.091	0.033	0.027	0.122	-0.067	-0.085	-0.063	0.010	-0.074	-0.009	-0.074	0.000	0.145	-0.036	-0.019	-0.123	0.017	-0.108	-0.054	0.033	-0.062	-0.071	-0.083	0.186	0.053	-0.134	0.129	0.136	-0.060	-0.028	-0.059	0.002	-0.052	-0.062	0.031	-0.103	-0.049	-0.002	0.068	-0.024	0.090	-0.086	0.017	-0.097	-0.053	-0.052	-0.163	-0.032	0.032	0.083	-0.083	-0.059	-0.046	-0.044	0.023	-0.077	0.172	-0.106	0.230	-0.125	0.046	-0.009	0.137	0.063	-0.017	-0.065	0.049	0.071	-0.033	-0.099	-0.161	0.087	0.029	-0.050	-0.013	-0.045	-0.089	0.134	-0.013	0.067	-0.039	0.125	-0.111	0.037	-0.091	-0.070	0.042
I6910	0.001	0.049	0.028	-0.106	0.101	-0.073	0.066	-0.072	-0.020	-0.085	-0.107	-0.088	0.989	0.197	-0.114	0.138	-0.009	0.044	0.113	0.009	-0.063	-0.077	-0.074	0.077	0.010	0.049	-0.133	0.080	-0.019	0.061	-0.048	-0.009	0.039	0.007	-0.010	0.107	-0.145	-0.083	0.119	0.060	-0.200	-0.046	-0.007	-0.045	0.161	-0.077	0.002	-0.050	0.063	-0.130	0.059	-0.056	0.029	-0.058	-0.013	0.117	-0.142	-0.044	0.032	0.011	0.001	-0.087	-0.029	-0.081	-0.073	-0.060	-0.074	0.041	0.027	0.020	-0.062	0.016	-0.124	-0.125	-0.015	-0.046	0.053	-0.051	-0.091	0.019	-0.108	-0.016	0.118	0.013	0.085	-0.048	0.109	-0.012	-0.161	0.026	-0.001	0.047	-0.018	-0.089	0.025	0.071	-0.013	0.052	0.033	0.012
I7011	-0.179	0.014	0.041	-0.027	0.082	0.010	0.062	-0.040	-0.105	-0.014	-0.040	-0.091	0.197	0.995	-0.188	-0.159	0.066	0.084	0.055	0.073	0.060	-0.005	0.068	0.054	-0.005	-0.013	-0.148	0.371	-0.077	0.047	-0.078	-0.145	0.083	-0.012	-0.064	-0.049	0.048	-0.043	0.214	0.014	0.068	0.076	-0.085	0.046	-0.070	-0.026	-0.087	-0.061	-0.034	-0.074	-0.015	-0.070	-0.001	0.025	0.129	0.040	-0.106	-0.027	-0.026	0.055	-0.092	-0.032	0.027	-0.014	-0.036	-0.067	-0.081	-0.041	-0.149	0.060	-0.018	-0.034	-0.056	-0.089	-0.081	-0.045	-0.115	-0.006	-0.094	0.063	0.003	-0.038	-0.014	-0.044	0.094	0.004	-0.079	-0.042	0.126	-0.059	0.110	0.029	-0.170	-0.045	0.136	-0.057	-0.024	-0.045	-0.036	0.139
I7025	0.043	-0.034	0.024	0.097	0.057	0.012	-0.147	0.056	-0.060	0.063	0.076	0.033	-0.114	-0.188	1.109	-0.004	0.010	0.048	-0.044	0.008	-0.079	-0.085	-0.110	-0.010	-0.077	0.072	0.047	-0.195	0.200	-0.025	0.018	-0.013	-0.099	-0.072	0.005	0.047	-0.052	-0.092	-0.254	0.052	-0.051	0.020	-0.019	-0.034	-0.071	0.008	-0.136	-0.015	-0.082	-0.021	-0.001	0.124	-0.007	-0.066	-0.116	-0.072	-0.009	0.171	0.074	-0.009	0.020	0.034	-0.033	-0.054	0.127	0.112	-0.012	-0.046	-0.013	-0.090	0.059	-0.024	0.048	0.031	0.012	-0.117	0.107	0.023	0.304	-0.036	0.036	-0.166	0.015	-0.030	-0.049	0.057	-0.139	-0.016	-0.040	0.014	-0.178	0.066	-0.097	-0.042	0.017	0.086	-0.009	0.004	0.045	-0.039
I7053	-0.069	-0.065	-0.057	-0.102	0.031	-0.022	0.101	-0.068	0.157	-0.053	0.003	0.027	0.138	-0.159	-0.004	1.077	-0.009	0.041	0.133	0.084	-0.105	-0.025	-0.104	0.105	0.113	-0.006	-0.058	-0.072	0.036	0.078	0.067	0.023	-0.137	0.019	0.112	0.064	0.000	-0.059	0.022	0.010	-0.125	-0.053	0.021	0.038	0.130	-0.038	-0.032	0.033	-0.175	-0.078	-0.039	0.047	-0.104	-0.104	-0.064	-0.063	-0.067	-0.004	0.025	-0.141	-0.092	0.047	-0.134	0.045	-0.017	0.004	-0.054	0.026	-0.043	-0.007	-0.088	-0.035	-0.092	-0.050	0.021	-0.065	0.210	-0.046	-0.083	-0.176	-0.049	0.052	0.099	-0.068	0.148	0.055	0.078	-0.011	-0.007	-0.056	-0.067	-0.081	0.042	-0.143	-0.065	-0.018	0.039	0.331	0.003	-0.128
I7115	0.014	0.047	-0.032	-0.065	0.009	0.019	-0.019	-0.074	0.029	0.082	0.130	0.122	-0.009	0.066	0.010	-0.009	1.013	0.042	0.001	0.093	0.018	-0.082	-0.005	-0.097	0.039	-0.020	-0.037	0.008	-0.198	0.075	-0.042	-0.081	-0.061	-0.066	-0.036	-0.119	0.037	0.005	-0.118	-0.020	0.077	0.042	0.034	-0.063	-0.072	-0.028	0.036	-0.044	0.054	-0.053	0.017	0.005	-0.141	-0.044	0.024	-0.065	-0.136	-0.097	0.077	-0.022	-0.013	0.162	0.064	-0.134	-0.043	0.033	0.050	-0.016	-0.187	0.109	-0.095	0.030	-0.031	-0.002	-0.178	0.054	0.031	0.108	-0.081	0.080	-0.008	0.033	-0.052	-0.047	-0.015	0.032	-0.160	0.014	-0.022	-0.133	0.150	-0.080	0.008	-0.087	0.102	-0.099	0.099	0.030	-0.023	0.046
I7231	-0.053	-0.076	0.080	-0.003	-0.047	0.026	-0.063	-0.103	-0.011	0.096	-0.024	-0.067	0.044	0.084	0.048	0.041	0.042	0.967	0.114	0.029	-0.034	0.081	0.159	0.101	-0.028	-0.119	0.017	0.011	-0.046	-0.024	-0.020	-0.110	-0.050	0.027	-0.005	0.072	-0.027	-0.012	-0.053	-0.025	-0.042	-0.006	-0.077	-0.037	-0.034	-0.104	-0.020	0.006	-0.010	-0.082	0.071	0.083	-0.052	-0.112	0.144	-0.027	-0.031	-0.074	-0.144	0.012	-0.041	-0.028	-0.043	-0.088	-0.076	-0.004	-0.054	0.057	-0.023	0.013	0.029	-0.011	0.065	-0.011	-0.065	-0.033	0.061	-0.085	-0.079	-0.023	-0.072	-0.093	0.092	0.093	0.003	0.070	-0.032	-0.050	0.095	0.050	-0.067	-0.003	-0.009	-0.139	-0.107	0.147	0.086	-0.018	-0.150	0.037
I7391	-0.091	-0.003	-0.020	-0.193	-0.057	-0.051	-0.006	-0.058	0.054	0.024	0.041	-0.085	0.113	0.055	-0.044	0.133	0.001	0.114	1.011	0.067	0.113	-0.015	0.086	0.190	-0.022	-0.133	-0.047	0.134	-0.040	-0.010	0.081	-0.151	0.014	-0.077	0.012	0.176	0.050	0.073	0.024	-0.058	-0.087	-0.078	-0.082	0.071	0.011	-0.125	0.037	0.059	-0.036	-0.037	0.073	-0.092	-0.121	-0.118	-0.069	-0.088	-0.006	0.046	-0.110	-0.084	-0.110	-0.018	-0.081	-0.012	-0.007	-0.080	-0.161	0.114	-0.072	-0.008	-0.098	0.031	0.064	-0.063	-0.000	0.063	-0.015	-0.024	0.049	-0.146	0.107	0.117	0.078	-0.023	0.041	0.045	-0.065	-0.103	0.026	-0.034	0.068	-0.020	-0.050	-0.160	0.036	0.011	-0.002	-0.016	-0.046	-0.004
I6099	-0.058	-0.033	0.017	-0.168	0.122	0.010	-0.071	-0.001	-0.129	0.120	0.074	-0.063	0.009	0.073	0.008	0.084	0.093	0.029	0.067	1.053	-0.015	-0.017	-0.049	0.039	0.120	-0.139	-0.014	-0.037	0.174	0.023	0.023	-0.047	0.024	-0.016	-0.084	-0.081	0.016	0.008	0.049	-0.033	-0.038	0.037	-0.096	0.104	0.028	0.092	-0.115	-0.022	-0.069	-0.141	0.028	-0.020	-0.037	-0.030	0.015	0.024	-0.024	0.086	-0.058	-0.023	-0.073	-0.016	-0.091	-0.010	-0.033	0.118	0.095	-0.111	-0.004	0.005	-0.030	-0.023	0.069	-0.034	-0.160	-0.100	0.022	0.017	0.070	0.028	0.077	-0.117	-0.054	-0.068	0.058	0.062	-0.079	-0.117	-0.027	0.097	-0.099	-0.026	-0.037	0.030	-0.127	0.001	-0.079	-0.049	-0.025	-0.085
I6100	-0.019	0.068	-0.043	-0.032	-0.021	-0.023	0.018	-0.022	0.003	0.174	0.049	0.010	-0.063	0.060	-0.079	-0.105	0.018	-0.034	0.113	-0.015	1.000	-0.018	-0.046	0.120	0.096	0.021	-0.137	-0.014	-0.172	0.034	-0.064	-0.103	0.090	-0.091	-0.010	0.016	0.098	0.062	0.076	-0.159	0.122	0.150	0.060	-0.022	-0.079	-0.023	0.018	-0.042	0.083	0.050	-0.020	-0.071	-0.116	0.052	0.034	-0.048	-0.107	-0.118	-0.070	-0.048	-0.140	0.085	-0.048	-0.023	0.029	-0.056	0.047	-0.003	-0.177	0.079	-0.054	-0.035	0.049	-0.121	-0.004	-0.003	-0.077	0.040	-0.017	0.027	-0.085	0.062	-0.078	0.013	0.038	0.030	-0.111	-0.059	0.023	-0.123	0.030	0.063	-0.018	0.033	0.044	-0.066	-0.013	-0.066	-0.018	0.043
I7548	-0.112	-0.052	-0.033	-0.042	-0.038	-0.072	0.114	-0.047	0.025	-0.040	-0.059	-0.074	-0.077	-0.005	-0.085	-0.025	-0.082	0.081	-0.015	-0.017	-0.018	0.925	-0.053	-0.067	-0.059	0.054	0.010	-0.032	0.018	0.047	-0.082	0.059	-0.132	0.044	-0.111	0.030	0.009	0.001	0.015	-0.020	0.049	-0.096	0.061	-0.103	0.029	0.120	0.023	0.034	0.002	-0.066	0.009	0.017	0.011	-0.013	0.133	0.107	-0.054	-0.034	-0.069	-0.003	-0.025	0.044	0.051	0.038	0.078	-0.046	-0.065	0.007	-0.031	0.014	0.077	-0.081	-0.099	-0.057	0.002	-0.068	-0.048	-0.025	0.059	0.040	-0.008	-0.042	-0.049	0.050	0.028	0.020	-0.019	-0.041	0.013	-0.043	0.020	0.120	-0.000	0.042	-0.103	-0.072	0.087	0.006	-0.055	0.037
I7561	-0.011	-0.120	-0.003	-0.066	-0.051	0.221	0.046	-0.095	0.000	0.076	0.019	-0.009	-0.074	0.068	-0.110	-0.104	-0.005	0.159	0.086	-0.049	-0.046	-0.053	1.049	-0.001	-0.139	-0.061	0.060	0.089	-0.246	-0.138	0.059	0.003	-0.074	-0.055	0.022	0.099	-0.039	0.027	0.096	-0.029	-0.031	-0.085	-0.124	-0.057	-0.015	-0.073	-0.025	0.045	-0.003	0.098	-0.027	-0.063	-0.021	0.029	0.148	-0.043	0.078	-0.000	-0.093	-0.008	-0.042	0.003	0.093	-0.163	-0.072	-0.063	0.126	0.139	-0.039	-0.124	-0.014	-0.007	0.077	-0.003	-0.074	0.084	0.026	0.021	-0.169	-0.035	-0.013	0.008	0.107	0.022	-0.013	-0.055	0.039	-0.011	-0.031	-0.013	0.050	0.044	-0.009	-0.076	0.112	-0.030	-0.063	-0.046	-0.084	-0.030
I7567	-0.142	0.011	0.050	0.018	-0.097	0.090	-0.140	-0.003	-0.018	-0.052	-0.031	-0.074	0.077	0.054	-0.010	0.105	-0.097	0.101	0.190	0.039	0.120	-0.067	-0.001	1.060	-0.055	-0.102	-0.040	0.027	-0.045	-0.034	0.072	-0.168	0.037	-0.018	-0.106	0.074	-0.096	-0.034	-0.063	-0.083	-0.029	0.074	0.023	0.161	-0.025	-0.126	-0.054	0.003	0.042	0.112	0.014	-0.069	0.016	0.023	-0.090	-0.104	-0.014	-0.057	-0.092	0.010	-0.079	0.013	-0.179	0.058	-0.015	-0.010	-0.139	0.004	-0.136	-0.029	0.180	-0.017	-0.008	-0.060	0.093	0.007	0.094	-0.115	0.001	-0.073	0.035	-0.112	0.089	-0.024	0.162	-0.011	-0.101	-0.017	0.034	-0.144	-0.160	-0.033	0.122	-0.024	0.078	0.164	0.099	0.015	-0.113	-0.013
I7592	-0.100	-0.079	-0.005	-0.026	-0.015	0.038	0.016	0.118	-0.054	0.081	0.063	0.000	0.010	-0.005	-0.077	0.113	0.039	-0.028	-0.022	0.120	0.096	-0.059	-0.139	-0.055	1.094	-0.060	-0.002	-0.044	0.057	0.091	0.036	-0.050	0.150	-0.050	0.035	-0.139	-0.022	-0.074	-0.036	-0.107	-0.002	-0.099	0.097	0.011	-0.057	0.026	-0.106	0.038	0.053	0.095	0.001	-0.070	-0.150	-0.060	-0.051	0.021	-0.132	-0.042	0.033	-0.038	-0.017	-0.011	-0.156	-0.009	0.070	0.075	0.179	-0.134	0.021	0.026	-0.091	0.072	0.051	-0.053	0.053	-0.189	0.039	0.041	0.044	-0.061	-0.040	-0.061	-0.049	0.019	0.004	0.063	-0.074	0.006	0.029	-0.039	-0.043	0.030	-0.130	-0.024	-0.103	-0.084	-0.050	0.018	0.074	0.022
I7597	0.135	0.124	-0.112	-0.074	0.055	-0.174	0.098	0.019	0.071	-0.139	-0.114	0.145	0.049	-0.013	0.072	-0.006	-0.020	-0.119	-0.133	-0.139	0.021	0.054	-0.061	-0.102	-0.060	1.034	-0.069	0.034	0.029	0.063	-0.133	0.071	-0.148	-0.051	-0.095	0.069	0.028	-0.109	-0.017	0.081	-0.108	-0.049	-0.076	-0.099	0.072	-0.013	0.007	-0.037	0.037	-0.097	-0.046	0.181	0.042	0.104	-0.087	0.001	-0.094	0.016	-0.002	-0.140	0.069	0.008	-0.094	0.038	0.074	-0.047	-0.022	-0.021	-0.027	-0.030	0.065	-0.042	-0.126	-0.010	0.080	0.132	0.054	0.041	0.012	0.071	-0.087	0.264	-0.053	-0.032	0.035	-0.027	0.020	0.045	-0.113	0.055	0.031	-0.002	-0.048	0.030	0.069	-0.065	-0.008	-0.143	-0.012	-0.159
I7601	-0.027	-0.179	0.021	-0.024	-0.083	0.049	-0.158	-0.041	0.082	-0.022	0.160	-0.036	-0.133	-0.148	0.047	-0.058	-0.037	0.017	-0.047	-0.014	-0.137	0.010	0.060	-0.040	-0.002	-0.069	0.986	-0.112	0.052	-0.201	-0.004	0.019	-0.122	0.058	0.092	-0.030	-0.102	-0.000	-0.081	-0.029	-0.117	-0.034	-0.179	-0.045	0.059	0.099	-0.017	0.076	0.032	0.035	0.271	0.007	-0.045	-0.026	-0.091	-0.106	0.047	0.082	0.032	0.200	-0.022	-0.044	0.160	-0.054	0.065	-0.087	0.087	-0.022	0.172	-0.121	0.048	0.004	0.045	0.008	0.087	0.103	0.026	0.001	0.074	-0.232	0.033	-0.102	0.005	0.061	-0.182	0.019	0.168	0.024	0.043	0.089	-0.079	0.032	-0.100	0.073	-0.069	-0.034	-0.044	0.064	-0.088	-0.211
I7675	-0.002	0.050	-0.037	0.076	0.099	-0.037	0.102	-0.087	0.036	-0.111	-0.082	-0.019	0.080	0.371	-0.195	-0.072	0.008	0.011	0.134	-0.037	-0.014	-0.032	0.089	0.027	-0.044	0.034	-0.112	1.094	-0.132	0.185	-0.074	-0.027	0.029	-0.023	-0.032	0.002	-0.022	-0.086	0.152	0.015	-0.065	0.061	-0.092	0.027	-0.002	-0.001	-0.004	-0.056	-0.053	-0.175	0.099	-0.015	-0.083	-0.068	-0.004	0.005	-0.188	-0.117	0.021	-0.066	0.073	-0.121	0.106	0.038	-0.012	-0.145	-0.077	-0.052	-0.101	-0.053	-0.095	0.072	-0.012	-0.069	-0.069	0.140	-0.103	-0.159	-0.070	-0.097	-0.028	0.068	0.045	0.058	0.020	-0.035	-0.058	0.088	0.096	0.094	0.208	-0.010	-0.126	-0.087	0.054	-0.080	0.063	0.006	-0.028	-0.084
I7779	0.052	0.009	-0.074	-0.145	-0.020	-0.085	-0.068	0.140	-0.122	0.029	0.038	-0.123	-0.019	-0.077	0.200	0.036	-0.198	-0.046	-0.040	0.174	-0.172	0.018	-0.246	-0.045	0.057	0.029	0.052	-0.132	1.138	-0.017	-0.075	0.034	0.015	-0.091	0.049	-0.015	0.090	-0.056	-0.034	-0.002	-0.098	-0.093	0.005	0.061	0.035	0.048	-0.111	-0.062	-0.203	-0.051	-0.118	0.054	0.080	-0.038	-0.017	-0.040	-0.005	0.172	0.138	-0.102	-0.011	-0.001	-0.087	0.107	0.218	0.117	-0.015	-0.093	0.137	-0.105	-0.026	0.008	0.025	0.083	0.028	-0.120	0.108	-0.074	0.148	-0.032	0.092	-0.188	0.095	-0.081	-0.072	0.046	-0.091	0.012	0.047	0.128	-0.205	0.012	-0.104	0.006	-0.136	0.126	0.019	0.032	0.073	-0.137
I7783	0.046	0.118	-0.044	-0.080	0.025	-0.099	0.052	-0.082	0.010	-0.028	-0.066	0.017	0.061	0.047	-0.025	0.078	0.075	-0.024	-0.010	0.023	0.034	0.047	-0.138	-0.034	0.091	0.063	-0.201	0.185	-0.017	1.060	-0.046	0.009	-0.139	0.037	0.039	-0.087	0.108	-0.175	0.027	-0.000	0.006	-0.024	-0.020	0.031	0.132	-0.063	-0.105	-0.181	-0.021	-0.210	-0.022	0.013	-0.027	0.007	0.067	0.084	-0.199	-0.026	-0.068	-0.206	0.090	0.056	-0.003	0.019	0.083	-0.093	-0.037	-0.102	-0.065	0.140	-0.103	0.010	0.032	-0.005	-0.005	-0.126	-0.110	-0.068	0.044	0.073	-0.012	0.104	-0.037	0.039	0.099	-0.018	-0.030	-0.005	0.112	-0.070	0.040	-0.021	-0.074	0.059	-0.047	-0.068	0.045	0.031	0.004	-0.107
I7800	0.074	-0.141	-0.016	0.081	-0.104	-0.016	-0.077	-0.073	-0.005	0.008	0.041	-0.108	-0.048	-0.078	0.018	0.067	-0.042	-0.020	0.081	0.023	-0.064	-0.082	0.059	0.072	0.036	-0.133	-0.004	-0.074	-0.075	-0.046	1.026	-0.073	-0.009	-0.073	0.102	-0.028	-0.084	0.088	-0.027	-0.047	-0.079	-0.051	0.094	-0.090	0.074	-0.153	0.025	0.133	0.121	0.108	-0.068	0.034	-0.035	-0.028	0.005	-0.061	0.100	-0.135	-0.056	0.002	-0.020	-0.104	-0.030	-0.028	-0.085	0.022	0.050	-0.007	-0.080	-0.063	0.067	0.085	0.016	-0.107	-0.020	0.055	-0.054	0.133	-0.088	-0.041	0.028	0.073	0.007	-0.007	-0.010	-0.030	-0.045	-0.028	-0.040	-0.073	-0.045	-0.024	0.181	-0.078	-0.027	0.125	0.037	0.016	0.060	0.011
I7803	0.027	-0.020	-0.040	-0.033	0.084	-0.067	0.154	-0.062	0.034	-0.138	-0.187	-0.054	-0.009	-0.145	-0.013	0.023	-0.081	-0.110	-0.151	-0.047	-0.103	0.059	0.003	-0.168	-0.050	0.071	0.019	-0.027	0.034	0.009	-0.073	1.061	-0.017	0.049	0.090	-0.063	-0.029	-0.218	-0.055	0.094	0.011	0.054	0.035	-0.113	-0.033	-0.024	0.060	-0.012	-0.103	0.014	-0.029	-0.045	0.040	0.133	0.001	0.088	0.104	0.084	0.128	-0.002	0.078	0.068	-0.069	0.149	0.004	-0.038	0.097	-0.133	0.100	-0.017	-0.012	-0.060	-0.094	0.081	0.058	0.078	-0.047	-0.001	0.005	-0.084	-0.019	-0.056	-0.028	0.130	-0.085	-0.093	0.198	-0.025	-0.158	0.076	-0.073	-0.032	-0.019	-0.117	-0.078	-0.044	0.072	-0.032	0.040	-0.060
I7813	-0.130	0.056	0.039	0.046	-0.088	0.000	0.026	0.064	-0.095	0.118	0.037	0.033	0.039	0.083	-0.099	-0.137	-0.061	-0.050	0.014	0.024	0.090	-0.132	-0.074	0.037	0.150	-0.148	-0.122	0.029	0.015	-0.139	-0.009	-0.017	0.948	-0.108	-0.042	-0.086	-0.009	0.006	0.012	0.032	0.164	0.067	0.047	0.025	-0.197	-0.055	0.029	0.024	0.149	0.097	-0.115	-0.143	-0.085	0.016	-0.120	0.069	0.030	-0.048	-0.091	0.062	-0.086	-0.072	-0.163	0.130	0.017	0.014	-0.087	-0.093	0.101	0.035	-0.070	-0.059	-0.030	-0.008	0.035	0.032	-0.042	0.047	-0.064	0.015	0.040	-0.083	-0.000	-0.089	0.029	0.143	-0.068	-0.016	-0.024	-0.057	-0.006	-0.024	-0.112	0.138	0.119	-0.016	-0.060	-0.023	0.021	0.161
I7846	-0.016	-0.110	-0.032	0.006	0.010	-0.004	-0.061	-0.011	-0.017	-0.102	-0.046	-0.062	0.007	-0.012	-0.072	0.019	-0.066	0.027	-0.077	-0.016	-0.091	0.044	-0.055	-0.018	-0.050	-0.051	0.058	-0.023	-0.091	0.037	-0.073	0.049	-0.108	0.782	0.008	-0.004	-0.037	-0.006	0.051	-0.062	-0.060	-0.032	-0.008	0.000	0.050	0.031	-0.007	-0.040	0.019	-0.033	0.171	0.018	-0.043	-0.036	0.072	0.025	0.053	0.018	0.062	0.108	0.078	-0.014	-0.003	-0.020	-0.023	-0.073	0.026	0.028	0.088	0.089	0.090	-0.001	-0.003	0.054	0.109	-0.028	-0.035	-0.013	0.037	0.057	-0.121	-0.029	-0.130	0.000	-0.081	-0.093	0.092	0.062	0.003	0.009	-0.026	-0.091	-0.007	-0.019	0.016	-0.060	-0.002	0.015	-0.066	-0.005
I7869	0.021	0.030	-0.124	-0.129	0.012	-0.045	-0.063	-0.032	-0.066	0.006	0.094	-0.071	-0.010	-0.064	0.005	0.112	-0.036	-0.005	0.012	-0.084	-0.010	-0.111	0.022	-0.106	0.035	-0.095	0.092	-0.032	0.049	0.039	0.102	0.090	-0.042	0.008	1.187	0.108	0.028	0.095	-0.162	-0.174	0.068	-0.002	-0.041	0.101	-0.054	0.022	0.047	0.143	-0.045	0.115	-0.015	0.063	-0.127	-0.076	-0.200	-0.176	0.098	0.040	-0.089	0.138	-0.115	-0.008	0.059	-0.045	-0.044	-0.008	-0.014	-0.017	-0.039	-0.143	0.006	-0.054	-0.091	0.088	0.025	-0.053	0.023	-0.018	-0.023	-0.089	0.074	0.040	0.206	-0.079	-0.220	0.016	0.020	-0.042	0.005	0.031	0.004	0.025	-0.138	0.003	-0.088	-0.045	0.063	0.096	0.090	-0.195
I7886	0.064	-0.076	-0.026	-0.043	0.039	-0.077	-0.004	0.058	0.102	-0.049	-0.032	-0.083	0.107	-0.049	0.047	0.064	-0.119	0.072	0.176	-0.081	0.016	0.030	0.099	0.074	-0.139	0.069	-0.030	0.002	-0.015	-0.087	-0.028	-0.063	-0.086	-0.004	0.108	0.963	-0.145	0.004	0.018	-0.017	-0.097	-0.038	-0.018	0.042	0.095	-0.045	0.015	0.072	-0.046	-0.117	0.047	-0.039	0.108	-0.030	-0.017	-0.008	-0.051	0.035	0.021	0.012	-0.136	-0.169	0.035	-0.061	-0.119	-0.063	-0.070	0.151	-0.012	-0.109	0.155	0.071	-0.104	-0.027	-0.003	0.010	0.081	-0.117	-0.071	-0.059	-0.111	0.071	0.217	0.018	-0.060	0.023	0.027	-0.062	-0.074	0.082	-0.103	-0.011	-0.056	0.034	0.010	-0.003	-0.094	0.092	-0.060	-0.124
I7902	-0.063	0.091	-0.062	-0.111	-0.217	0.044	0.045	-0.042	-0.036	0.044	0.041	0.186	-0.145	0.048	-0.052	0.000	0.037	-0.027	0.050	0.016	0.098	0.009	-0.039	-0.096	-0.022	0.028	-0.102	-0.022	0.090	0.108	-0.084	-0.029	-0.009	-0.037	0.028	-0.145	0.972	-0.033	-0.082	0.072	0.215	-0.047	-0.078	0.013	-0.036	0.001	0.006	-0.152	-0.106	-0.001	-0.158	0.003	-0.015	0.110	0.100	-0.087	-0.013	-0.068	-0.028	-0.181	-0.129	0.191	0.018	0.004	-0.006	-0.025	-0.110	0.032	-0.139	0.102	-0.141	-0.095	-0.097	0.031	-0.035	0.118	0.013	0.114	0.046	0.125	0.033	-0.001	-0.083	-0.081	0.088	-0.009	-0.076	-0.055	0.082	-0.116	0.116	-0.051	0.080	0.017	0.079	-0.106	0.183	-0.105	-0.100	0.055
I7915	0.011	-0.211	0.015	-0.013	-0.017	0.079	-0.100	0.044	-0.111	0.102	0.025	0.053	-0.083	-0.043	-0.092	-0.059	0.005	-0.012	0.073	0.008	0.062	0.001	0.027	-0.034	-0.074	-0.109	-0.000	-0.086	-0.056	-0.175	0.088	-0.218	0.006	-0.006	0.095	0.004	-0.033	1.061	-0.043	-0.188	0.078	-0.153	-0.008	0.079	0.097	0.110	-0.030	0.090	-0.051	-0.021	0.007	-0.057	-0.054	-0.027	0.044	-0.108	0.135	0.030	-0.111	0.026	-0.137	0.170	0.108	-0.149	-0.030	0.018	-0.087	0.048	-0.100	0.086	0.024	-0.017	0.146	-0.028	-0.071	0.059	0.044	-0.012	0.021	0.077	-0.015	0.097	-0.001	-0.101	-0.038	0.041	-0.120	0.054	-0.048	-0.034	0.104	-0.052	0.091	0.067	-0.007	-0.106	-0.124	-0.090	-0.003	0.043
I7956	-0.057	-0.111	-0.014	0.111	0.079	-0.100	0.012	0.066	0.032	0.077	-0.032	-0.134	0.119	0.214	-0.254	0.022	-0.118	-0.053	0.024	0.049	0.076	0.015	0.096	-0.063	-0.036	-0.017	-0.081	0.152	-0.034	0.027	-0.027	-0.055	0.012	0.051	-0.162	0.018	-0.082	-0.043	0.956	-0.088	-0.156	0.014	0.006	-0.029	0.150	-0.014	-0.001	-0.072	0.057	-0.125	0.020	-0.172	0.030	-0.006	0.051	0.110	-0.039	0.036	-0.089	0.020	-0.045	-0.071	-0.000	-0.014	0.030	0.016	0.084	0.034	-0.035	0.049	0.049	0.154	0.038	-0.089	-0.057	-0.021	-0.170	-0.006	-0.129	0.009	-0.091	0.095	-0.116	-0.052	-0.000	-0.035	0.004	-0.054	-0.011	0.023	0.031	0.056	0.011	-0.080	0.010	-0.065	-0.102	0.057	-0.001	0.053
I7962	-0.077	0.089	0.065	0.076	-0.164	-0.045	0.098	-0.059	0.024	-0.151	-0.083	0.129	0.060	0.014	0.052	0.010	-0.020	-0.025	-0.058	-0.033	-0.159	-0.020	-0.029	-0.083	-0.107	0.081	-0.029	0.015	-0.002	-0.000	-0.047	0.094	0.032	-0.062	-0.174	-0.017	0.072	-0.188	-0.088	1.039	0.005	0.077	-0.037	-0.099	-0.022	0.014	0.015	-0.009	-0.069	-0.109	0.009	-0.070	0.074	0.046	0.047	0.044	0.001	-0.027	0.225	-0.093	0.195	-0.008	-0.059	0.077	-0.095	-0.105	-0.112	-0.001	0.083	-0.026	-0.096	-0.128	-0.060	0.060	-0.104	0.195	0.003	-0.081	-0.015	-0.019	0.042	-0.062	-0.085	-0.107	0.114	-0.027	0.028	0.001	-0.018	0.055	0.067	0.033	0.054	-0.107	-0.060	0.006	-0.007	-0.009	0.156	-0.034
I7987	-0.066	0.127	0.083	0.011	-0.189	-0.026	-0.048	-0.065	-0.083	0.119	0.053	0.136	-0.200	0.068	-0.051	-0.125	0.077	-0.042	-0.087	-0.038	0.122	0.049	-0.031	-0.029	-0.002	-0.108	-0.117	-0.065	-0.098	0.006	-0.079	0.011	0.164	-0.060	0.068	-0.097	0.215	0.078	-0.156	0.005	1.040	-0.015	-0.015	-0.042	-0.094	-0.015	-0.002	0.021	-0.062	0.062	-0.059	0.070	-0.018	0.150	-0.072	-0.032	0.066	-0.071	-0.059	-0.059	-0.003	0.077	-0.048	0.052	0.010	-0.099	-0.086	-0.014	-0.028	0.157	-0.125	0.004	-0.057	0.094	0.095	0.044	-0.085	0.157	0.034	0.082	0.049	-0.008	0.008	-0.093	-0.037	-0.017	-0.139	-0.106	-0.020	-0.155	-0.033	-0.015	0.014	0.080	0.103	-0.117	-0.068	-0.105	-0.069	0.142
I7997	-0.113	0.081	-0.002	0.075	0.051	-0.045	0.023	0.019	-0.051	0.017	-0.068	-0.060	-0.046	0.076	0.020	-0.053	0.042	-0.006	-0.078	0.037	0.150	-0.096	-0.085	0.074	-0.099	-0.049	-0.034	0.061	-0.093	-0.024	-0.051	0.054	0.067	-0.032	-0.002	-0.038	-0.047	-0.153	0.014	0.077	-0.015	1.241	0.033	-0.017	-0.188	-0.045	0.026	-0.124	0.056	0.244	-0.074	-0.141	0.053	0.131	0.011	-0.055	0.031	-0.149	0.099	0.079	-0.034	0.050	-0.044	0.166	-0.111	0.074	-0.054	-0.186	-0.004	-0.011	-0.030	-0.086	-0.017	-0.066	0.036	0.014	-0.049	-0.120	-0.032	-0.019	-0.056	-0.003	-0.262	0.167	-0.052	0.094	-0.075	-0.019	0.099	-0.036	-0.087	0.013	-0.158	0.038	-0.029	0.029	-0.039	0.041	0.081	-0.034
I7999	-0.018	0.045	-0.010	0.122	-0.016	-0.096	0.137	0.085	-0.067	-0.002	-0.079	-0.028	-0.007	-0.085	-0.019	0.021	0.034	-0.077	-0.082	-0.096	0.060	0.061	-0.124	0.023	0.097	-0.076	-0.179	-0.092	0.005	-0.020	0.094	0.035	0.047	-0.008	-0.041	-0.018	-0.078	-0.008	0.006	-0.037	-0.015	0.033	1.104	-0.151	-0.015	-0.034	0.250	-0.030	0.056	0.036	-0.137	-0.149	0.006	0.029	0.148	-0.055	-0.059	-0.106	0.111	0.012	-0.081	0.035	-0.130	0.068	-0.056	-0.024	-0.042	-0.206	-0.039	0.103	0.017	-0.074	-0.119	-0.054	0.083	-0.132	-0.064	-0.015	-0.036	0.090	0.081	-0.007	-0.140	0.045	0.023	-0.048	-0.091	-0.007	0.020	-0.115	-0.024	0.072	0.042	0.002	0.171	-0.026	0.031	-0.077	0.042	0.142
I6026	-0.065	0.054	-0.041	-0.007	-0.039	-0.068	-0.015	0.090	0.024	-0.017	0.121	-0.059	-0.045	0.046	-0.034	0.038	-0.063	-0.037	0.071	0.104	-0.022	-0.103	-0.057	0.161	0.011	-0.099	-0.045	0.027	0.061	0.031	-0.090	-0.113	0.025	0.000	0.101	0.042	0.013	0.079	-0.029	-0.099	-0.042	-0.017	-0.151	0.992	-0.101	0.018	-0.106	0.026	-0.108	0.040	-0.046	0.024	-0.024	-0.056	-0.071	-0.046	-0.101	-0.054	-0.034	-0.034	-0.084	-0.051	-0.019	0.034	0.003	0.059	-0.081	-0.001	-0.094	-0.014	0.069	-0.065	0.137	-0.014	-0.018	-0.001	-0.083	-0.128	0.024	0.193	0.019	-0.042	0.096	0.007	0.055	0.016	-0.082	0.072	0.139	-0.012	-0.043	-0.104	-0.040	0.121	-0.146	-0.123	0.059	0.132	-0.040	-0.010
I6525	0.059	-0.081	0.005	-0.059	0.089	0.068	-0.170	-0.045	-0.040	-0.140	-0.100	0.002	0.161	-0.070	-0.071	0.130	-0.072	-0.034	0.011	0.028	-0.079	0.029	-0.015	-0.025	-0.057	0.072	0.059	-0.002	0.035	0.132	0.074	-0.033	-0.197	0.050	-0.054	0.095	-0.036	0.097	0.150	-0.022	-0.094	-0.188	-0.015	-0.101	0.890	-0.011	-0.002	0.013	-0.058	-0.165	-0.012	0.019	0.013	0.068	0.010	0.042	-0.036	0.050	-0.078	-0.161	0.056	0.022	0.050	-0.097	-0.034	-0.017	-0.004	0.076	0.066	0.102	-0.074	0.161	-0.026	0.020	0.075	-0.062	0.049	0.043	-0.009	-0.052	-0.057	0.035	-0.027	-0.034	0.049	-0.205	0.120	-0.035	-0.185	0.002	0.003	-0.051	0.210	-0.065	-0.038	0.032	-0.119	0.044	-0.041	-0.110
I6558	0.048	-0.013	0.021	-0.035	-0.133	0.076	0.058	0.109	-0.027	-0.026	-0.028	-0.052	-0.077	-0.026	0.008	-0.038	-0.028	-0.104	-0.125	0.092	-0.023	0.120	-0.073	-0.126	0.026	-0.013	0.099	-0.001	0.048	-0.063	-0.153	-0.024	-0.055	0.031	0.022	-0.045	0.001	0.110	-0.014	0.014	-0.015	-0.045	-0.034	0.018	-0.011	0.967	-0.040	-0.014	-0.230	-0.043	0.032	-0.031	0.014	-0.139	-0.028	0.020	0.051	0.169	0.107	0.075	-0.096	0.074	0.094	-0.014	0.003	-0.055	-0.050	0.010	0.031	0.001	-0.069	-0.152	0.089	-0.007	-0.156	-0.057	0.132	-0.054	0.325	-0.102	-0.064	-0.145	-0.042	0.018	-0.012	-0.118	0.015	-0.027	-0.054	0.074	0.004	0.060	-0.068	0.234	-0.013	-0.093	-0.035	-0.041	0.085	-0.132
I6620	0.050	-0.020	0.062	-0.002	-0.011	-0.067	0.134	-0.015	0.162	-0.056	-0.015	-0.062	0.002	-0.087	-0.136	-0.032	0.036	-0.020	0.037	-0.115	0.018	0.023	-0.025	-0.054	-0.106	0.007	-0.017	-0.004	-0.111	-0.105	0.025	0.060	0.029	-0.007	0.047	0.015	0.006	-0.030	-0.001	0.015	-0.002	0.026	0.250	-0.106	-0.002	-0.040	0.910	0.058	0.042	-0.002	-0.030	-0.109	0.004	-0.064	0.126	-0.069	0.107	-0.085	-0.100	0.009	-0.048	-0.109	0.001	0.007	-0.180	-0.081	0.026	-0.122	-0.046	-0.068	0.003	-0.065	-0.055	-0.037	-0.025	0.105	-0.024	0.034	-0.030	0.072	0.023	0.116	0.030	0.086	-0.113	-0.070	0.111	-0.072	-0.014	-0.007	0.040	-0.100	0.047	-0.098	0.184	-0.029	0.017	0.026	-0.086	-0.001
I6632	-0.046	-0.135	0.064	-0.051	0.020	0.053	-0.091	-0.127	-0.070	-0.002	0.156	0.031	-0.050	-0.061	-0.015	0.033	-0.044	0.006	0.059	-0.022	-0.042	0.034	0.045	0.003	0.038	-0.037	0.076	-0.056	-0.062	-0.181	0.133	-0.012	0.024	-0.040	0.143	0.072	-0.152	0.090	-0.072	-0.009	0.021	-0.124	-0.030	0.026	0.013	-0.014	0.058	0.959	0.111	-0.035	0.150	0.106	-0.096	-0.037	-0.130	0.047	-0.020	-0.059	-0.117	0.000	-0.034	-0.153	-0.083	-0.041	0.026	0.039	-0.062	0.116	-0.016	-0.112	-0.002	-0.015	0.026	0.028	-0.054	0.084	-0.013	0.009	0.004	-0.051	0.152	0.005	0.366	-0.084	-0.107	-0.134	-0.008	-0.066	-0.035	0.031	-0.032	-0.058	-0.001	-0.139	0.022	0.099	-0.032	-0.022	-0.091	-0.097
I6681	0.017	-0.053	0.033	0.173	0.035	-0.089	-0.032	-0.060	-0.094	0.033	0.038	-0.103	0.063	-0.034	-0.082	-0.175	0.054	-0.010	-0.036	-0.069	0.083	0.002	-0.003	0.042	0.053	0.037	0.032	-0.053	-0.203	-0.021	0.121	-0.103	0.149	0.019	-0.045	-0.046	-0.106	-0.051	0.057	-0.069	-0.062	0.056	0.056	-0.108	-0.058	-0.230	0.042	0.111	1.162	0.102	0.028	-0.055	-0.076	-0.018	0.066	0.063	-0.063	-0.138	-0.062	0.039	-0.030	-0.130	-0.064	-0.026	-0.143	-0.020	0.138	-0.088	-0.004	-0.132	0.166	0.146	-0.041	-0.090	0.056	0.041	-0.100	0.162	-0.193	0.141	-0.096	0.130	-0.062	0.096	-0.091	0.007	0.027	-0.039	-0.102	0.022	-0.111	0.016	-0.021	-0.010	0.006	0.095	0.019	-0.054	-0.080	0.099
I6983	-0.008	-0.046	-0.094	0.081	-0.135	0.118	-0.033	0.049	-0.017	0.059	-0.061	-0.049	-0.130	-0.074	-0.021	-0.078	-0.053	-0.082	-0.037	-0.141	0.050	-0.066	0.098	0.112	0.095	-0.097	0.035	-0.175	-0.051	-0.210	0.108	0.014	0.097	-0.033	0.115	-0.117	-0.001	-0.021	-0.125	-0.109	0.062	0.244	0.036	0.040	-0.165	-0.043	-0.002	-0.035	0.102	0.976	-0.083	-0.092	-0.093	0.134	-0.061	-0.127	0.155	-0.072	-0.032	0.136	-0.019	0.073	-0.076	0.071	-0.038	0.104	0.047	0.017	-0.064	-0.016	0.083	-0.055	-0.066	0.011	0.070	-0.027	0.021	0.168	-0.096	0.046	-0.097	-0.036	-0.047	0.068	-0.065	0.092	-0.065	-0.016	-0.060	-0.128	-0.080	-0.043	0.005	0.028	-0.054	0.098	-0.021	0.000	0.072	0.047
I6985	-0.102	-0.164	0.102	0.015	0.034	-0.078	-0.096	-0.014	0.066	-0.035	0.014	-0.002	0.059	-0.015	-0.001	-0.039	0.017	0.071	0.073	0.028	-0.020	0.009	-0.027	0.014	0.001	-0.046	0.271	0.099	-0.118	-0.022	-0.068	-0.029	-0.115	0.171	-0.015	0.047	-0.158	0.007	0.020	0.009	-0.059	-0.074	-0.137	-0.046	-0.012	0.032	-0.030	0.150	0.028	-0.083	0.972	0.003	-0.062	-0.121	-0.136	0.038	0.030	0.054	-0.008	0.191	0.032	-0.206	-0.010	-0.082	-0.128	-0.017	-0.032	0.032	0.030	-0.016	0.059	0.117	0.099	-0.020	0.012	0.118	-0.018	-0.075	-0.080	-0.032	-0.030	-0.052	0.004	-0.018	-0.159	-0.060	0.065	-0.028	-0.079	0.159	0.108	0.023	-0.081	-0.058	0.021	-0.074	-0.052	-0.035	-0.053	-0.079
I6989	0.141	0.146	-0.090	-0.099	-0.033	0.071	-0.096	-0.046	-0.013	-0.055	0.107	0.068	-0.056	-0.070	0.124	0.047	0.005	0.083	-0.092	-0.020	-0.071	0.017	-0.063	-0.069	-0.070	0.181	0.007	-0.015	0.054	0.013	0.034	-0.045	-0.143	0.018	0.063	-0.039	0.003	-0.057	-0.172	-0.070	0.070	-0.141	-0.149	0.024	0.019	-0.031	-0.109	0.106	-0.055	-0.092	0.003	0.967	-0.031	-0.082	-0.085	-0.013	0.014	0.018	-0.087	-0.072	0.102	0.014	-0.026	-0.020	0.075	-0.053	0.019	0.091	-0.013	0.047	-0.070	-0.075	-0.003	0.031	0.074	0.000	-0.062	0.129	0.006	0.038	0.040	-0.001	0.105	-0.129	0.009	-0.065	-0.057	0.117	0.109	-0.081	-0.022	-0.099	-0.034	-0.074	-0.050	0.086	0.088	-0.079	-0.073	-0.063
I7070	0.069	0.011	0.053	0.052	0.024	-0.052	0.036	0.062	-0.007	-0.049	-0.169	-0.024	0.029	-0.001	-0.007	-0.104	-0.141	-0.052	-0.121	-0.037	-0.116	0.011	-0.021	0.016	-0.150	0.042	-0.045	-0.083	0.080	-0.027	-0.035	0.040	-0.085	-0.043	-0.127	0.108	-0.015	-0.054	0.030	0.074	-0.018	0.053	0.006	-0.024	0.013	0.014	0.004	-0.096	-0.076	-0.093	-0.062	-0.031	0.929	0.069	0.019	0.020	0.122	0.001	0.115	-0.058	-0.045	-0.106	0.039	0.030	-0.020	-0.023	-0.010	0.030	0.024	-0.061	0.050	0.009	-0.020	-0.030	-0.014	0.057	0.046	-0.049	-0.019	-0.023	0.019	-0.046	-0.045	-0.005	0.027	-0.149	0.102	-0.077	-0.050	0.086	-0.066	0.010	0.054	0.062	0.172	-0.049	-0.019	-0.033	-0.008	0.068
I7104	-0.093	0.100	-0.002	0.059	-0.079	0.014	-0.059	-0.005	-0.035	-0.053	-0.099	0.090	-0.058	0.025	-0.066	-0.104	-0.044	-0.112	-0.118	-0.030	0.052	-0.013	0.029	0.023	-0.060	0.104	-0.026	-0.068	-0.038	0.007	-0.028	0.133	0.016	-0.036	-0.076	-0.030	0.110	-0.027	-0.006	0.046	0.150	0.131	0.029	-0.056	0.068	-0.139	-0.064	-0.037	-0.018	0.134	-0.121	-0.082	0.069	0.943	-0.020	0.055	-0.043	-0.133	-0.050	-0.074	-0.026	0.105	-0.051	-0.049	0.042	0.086	0.048	-0.002	-0.027	-0.065	0.014	0.032	-0.092	0.056	0.142	0.088	0.010	0.037	-0.177	0.032	0.061	-0.046	-0.120	-0.001	0.113	-0.008	0.058	0.028	-0.035	-0.107	-0.071	0.017	0.026	0.108	-0.053	-0.050	-0.055	-0.096	-0.150	-0.007
I7204	0.003	-0.157	0.007	-0.014	-0.101	0.117	0.342	-0.082	0.021	0.058	-0.101	-0.086	-0.013	0.129	-0.116	-0.064	0.024	0.144	-0.069	0.015	0.034	0.133	0.148	-0.090	-0.051	-0.087	-0.091	-0.004	-0.017	0.067	0.005	0.001	-0.120	0.072	-0.200	-0.017	0.100	0.044	0.051	0.047	-0.072	0.011	0.148	-0.071	0.010	-0.028	0.126	-0.130	0.066	-0.061	-0.136	-0.085	0.019	-0.020	1.024	-0.057	-0.018	-0.085	0.093	0.025	-0.028	0.040	-0.074	-0.016	0.035	-0.085	0.014	-0.000	-0.073	0.014	-0.032	-0.061	-0.008	-0.005	-0.190	-0.087	-0.055	0.120	-0.085	0.166	-0.075	-0.010	-0.119	0.106	0.036	-0.113	-0.007	0.030	0.069	-0.054	0.072	-0.100	-0.016	-0.047	-0.059	-0.040	-0.007	-0.087	-0.074	0.065
I7258	-0.083	0.032	0.074	0.058	0.041	-0.102	-0.014	0.127	-0.068	-0.035	-0.124	0.017	0.117	0.040	-0.072	-0.063	-0.065	-0.027	-0.088	0.024	-0.048	0.107	-0.043	-0.104	0.021	0.001	-0.106	0.005	-0.040	0.084	-0.061	0.088	0.069	0.025	-0.176	-0.008	-0.087	-0.108	0.110	0.044	-0.032	-0.055	-0.055	-0.046	0.042	0.020	-0.069	0.047	0.063	-0.127	0.038	-0.013	0.020	0.055	-0.057	0.924	-0.053	0.081	-0.091	-0.060	0.075	-0.061	0.021	0.071	-0.026	0.081	0.019	-0.027	0.191	0.106	-0.176	-0.016	0.005	-0.012	-0.040	-0.129	-0.058	-0.032	-0.025	0.010	-0.042	-0.138	-0.024	-0.085	0.037	-0.065	0.065	0.101	-0.142	0.076	-0.041	0.164	-0.050	0.048	-0.129	0.027	-0.123	-0.051	0.009	0.196
I7284	-0.020	-0.094	0.051	-0.084	-0.092	-0.004	0.025	0.029	0.006	-0.047	-0.116	-0.097	-0.142	-0.106	-0.009	-0.067	-0.136	-0.031	-0.006	-0.024	-0.107	-0.054	0.078	-0.014	-0.132	-0.094	0.047	-0.188	-0.005	-0.199	0.100	0.104	0.030	0.053	0.098	-0.051	-0.013	0.135	-0.039	0.001	0.066	0.031	-0.059	-0.101	-0.036	0.051	0.107	-0.020	-0.063	0.155	0.030	0.014	0.122	-0.043	-0.018	-0.053	0.928	0.045	-0.024	0.050	-0.008	0.033	-0.038	-0.020	-0.125	0.022	-0.056	0.118	0.069	-0.008	0.071	-0.024	0.126	0.097	-0.044	0.063	0.028	0.003	0.116	-0.041	0.056	-0.103	-0.099	0.028	-0.081	-0.136	0.033	-0.119	-0.021	0.009	-0.057	-0.016	0.099	-0.054	-0.051	0.106	0.006	-0.059	0.056	0.050
I7310	0.043	0.016	-0.024	-0.091	0.112	0.051	-0.049	0.119	0.050	-0.031	-0.065	-0.053	-0.044	-0.027	0.171	-0.004	-0.097	-0.074	0.046	0.086	-0.118	-0.034	-0.000	-0.057	-0.042	0.016	0.082	-0.117	0.172	-0.026	-0.135	0.084	-0.048	0.018	0.040	0.035	-0.068	0.030	0.036	-0.027	-0.071	-0.149	-0.106	-0.054	0.050	0.169	-0.085	-0.059	-0.138	-0.072	0.054	0.018	0.001	-0.133	-0.085	0.081	0.045	0.901	-0.052	0.018	0.059	-0.018	-0.010	-0.027	0.083	-0.021	0.066	-0.027	0.210	-0.024	-0.055	-0.040	0.028	-0.008	-0.004	-0.070	0.024	0.082	0.100	-0.131	0.005	-0.056	-0.040	-0.054	-0.128	-0.022	0.018	-0.052	-0.174	0.158	0.025	0.031	-0.152	0.091	-0.003	-0.051	-0.061	-0.059	0.040	-0.044
I7314	0.052	0.025	-0.054	-0.028	-0.024	-0.058	0.089	-0.013	-0.047	-0.081	-0.080	-0.052	0.032	-0.026	0.074	0.025	0.077	-0.144	-0.110	-0.058	-0.070	-0.069	-0.093	-0.092	0.033	-0.002	0.032	0.021	0.138	-0.068	-0.056	0.128	-0.091	0.062	-0.089	0.021	-0.028	-0.111	-0.089	0.225	-0.059	0.099	0.111	-0.034	-0.078	0.107	-0.100	-0.117	-0.062	-0.032	-0.008	-0.087	0.115	-0.050	0.093	-0.091	-0.024	-0.052	0.954	0.008	0.131	-0.052	-0.033	0.127	-0.053	0.011	0.075	-0.038	0.074	-0.105	-0.015	-0.027	-0.139	-0.066	-0.074	-0.058	0.049	-0.035	0.038	-0.024	-0.022	-0.012	-0.098	0.088	-0.064	-0.060	-0.021	0.051	0.035	-0.041	0.007	0.032	-0.014	-0.049	0.045	-0.019	-0.005	0.064	0.277	-0.074
I7335	-0.067	-0.129	-0.067	0.062	0.073	0.008	-0.041	0.002	-0.142	-0.027	-0.010	-0.163	0.011	0.055	-0.009	-0.141	-0.022	0.012	-0.084	-0.023	-0.048	-0.003	-0.008	0.010	-0.038	-0.140	0.200	-0.066	-0.102	-0.206	0.002	-0.002	0.062	0.108	0.138	0.012	-0.181	0.026	0.020	-0.093	-0.059	0.079	0.012	-0.034	-0.161	0.075	0.009	0.000	0.039	0.136	0.191	-0.072	-0.058	-0.074	0.025	-0.060	0.050	0.018	0.008	1.011	-0.113	-0.061	0.116	0.004	-0.077	-0.001	0.090	-0.034	0.112	-0.098	0.079	-0.059	-0.026	-0.000	-0.020	-0.007	-0.081	-0.039	-0.009	-0.001	0.001	-0.052	-0.016	-0.042	-0.151	0.143	0.120	0.011	0.101	0.100	0.030	-0.043	-0.132	0.158	-0.070	-0.008	-0.017	-0.015	0.021	-0.039
I7342	0.068	0.112	-0.049	0.040	0.035	-0.002	-0.118	0.042	-0.019	-0.139	-0.040	-0.032	0.001	-0.092	0.020	-0.092	-0.013	-0.041	-0.110	-0.073	-0.140	-0.025	-0.042	-0.079	-0.017	0.069	-0.022	0.073	-0.011	0.090	-0.020	0.078	-0.086	0.078	-0.115	-0.136	-0.129	-0.137	-0.045	0.195	-0.003	-0.034	-0.081	-0.084	0.056	-0.096	-0.048	-0.034	-0.030	-0.019	0.032	0.102	-0.045	-0.026	-0.028	0.075	-0.008	0.059	0.131	-0.113	0.935	-0.004	0.015	0.065	0.030	-0.055	0.036	0.053	0.110	0.044	-0.053	0.032	0.061	0.068	-0.073	0.018	-0.041	-0.058	0.027	-0.125	-0.045	0.016	0.048	-0.029	-0.012	0.023	0.039	0.134	-0.078	0.078	0.094	-0.003	0.038	-0.186	-0.112	0.048	-0.098	-0.026	0.156	-0.054
I7345	-0.009	-0.020	-0.162	-0.147	-0.143	0.133	0.025	-0.007	0.037	0.062	0.040	0.032	-0.087	-0.032	0.034	0.047	0.162	-0.028	-0.018	-0.016	0.085	0.044	0.003	0.013	-0.011	0.008	-0.044	-0.121	-0.001	0.056	-0.104	0.068	-0.072	-0.014	-0.008	-0.169	0.191	0.170	-0.071	-0.008	0.077	0.050	0.035	-0.051	0.022	0.074	-0.109	-0.153	-0.130	0.073	-0.206	0.014	-0.106	0.105	0.040	-0.061	0.033	-0.018	-0.052	-0.061	-0.004	1.057	-0.030	-0.047	0.169	-0.034	-0.142	0.004	-0.077	0.023	-0.185	-0.131	-0.023	0.046	-0.005	-0.189	0.016	0.038	0.084	-0.018	-0.051	-0.029	-0.040	-0.098	0.229	0.060	-0.109	0.065	0.053	-0.187	0.021	0.046	0.059	-0.047	-0.090	-0.001	0.131	-0.103	0.044	-0.001
I7354	0.113	0.024	0.003	0.018	-0.014	0.082	-0.132	-0.007	-0.167	-0.106	0.056	0.083	-0.029	0.027	-0.033	-0.134	0.064	-0.043	-0.081	-0.091	-0.048	0.051	0.093	-0.179	-0.156	-0.094	0.160	0.106	-0.087	-0.003	-0.030	-0.069	-0.163	-0.003	0.059	0.035	0.018	0.108	-0.000	-0.059	-0.048	-0.044	-0.130	-0.019	0.050	0.094	0.001	-0.083	-0.064	-0.076	-0.010	-0.026	0.039	-0.051	-0.074	0.021	-0.038	-0.010	-0.033	0.116	0.015	-0.030	1.139	-0.110	-0.062	-0.140	0.101	-0.012	0.057	-0.060	-0.040	0.046	-0.011	-0.029	-0.127	0.070	-0.106	-0.083	0.151	-0.120	-0.019	0.010	0.101	-0.035	-0.132	0.072	0.064	0.026	0.104	0.048	0.072	0.089	0.083	0.020	-0.016	-0.099	-0.046	0.109	0.036	-0.127
I7454	-0.120	-0.010	-0.104	0.075	-0.090	0.002	0.074	0.011	-0.047	-0.073	-0.099	-0.083	-0.081	-0.014	-0.054	0.045	-0.134	-0.088	-0.012	-0.010	-0.023	0.038	-0.163	0.058	-0.009	0.038	-0.054	0.038	0.107	0.019	-0.028	0.149	0.130	-0.020	-0.045	-0.061	0.004	-0.149	-0.014	0.077	0.052	0.166	0.068	0.034	-0.097	-0.014	0.007	-0.041	-0.026	0.071	-0.082	-0.020	0.030	-0.049	-0.016	0.071	-0.020	-0.027	0.127	0.004	0.065	-0.047	-0.110	1.061	-0.025	0.004	-0.007	-0.100	0.031	0.076	-0.010	-0.144	0.018	0.005	0.064	-0.018	-0.045	0.064	-0.004	-0.137	-0.017	0.001	-0.101	-0.021	0.035	0.035	-0.075	0.032	-0.011	-0.024	-0.059	-0.046	0.050	-0.084	0.053	-0.065	0.023	-0.057	0.054	0.017
I7464	0.002	0.031	-0.107	-0.124	-0.140	0.026	0.036	-0.039	0.056	0.113	0.028	-0.059	-0.073	-0.036	0.127	-0.017	-0.043	-0.076	-0.007	-0.033	0.029	0.078	-0.072	-0.015	0.070	0.074	0.065	-0.012	0.218	0.083	-0.085	0.004	0.017	-0.023	-0.044	-0.119	-0.006	-0.030	0.030	-0.095	0.010	-0.111	-0.056	0.003	-0.034	0.003	-0.180	0.026	-0.143	-0.038	-0.128	0.075	-0.020	0.042	0.035	-0.026	-0.125	0.083	-0.053	-0.077	0.030	0.169	-0.062	-0.025	0.992	0.001	-0.037	-0.075	-0.007	0.073	-0.021	0.025	0.047	0.045	0.085	-0.162	-0.020	0.018	0.161	-0.038	0.090	-0.101	0.049	-0.095	0.000	-0.082	-0.090	0.108	0.025	-0.059	-0.058	0.084	-0.055	0.019	-0.044	-0.041	0.032	-0.041	-0.067	0.010
I7470	-0.059	-0.090	0.090	0.038	0.057	-0.063	-0.124	0.123	-0.068	0.125	-0.007	-0.046	-0.060	-0.067	0.112	0.004	0.033	-0.004	-0.080	0.118	-0.056	-0.046	-0.063	-0.010	0.075	-0.047	-0.087	-0.145	0.117	-0.093	0.022	-0.038	0.014	-0.073	-0.008	-0.063	-0.025	0.018	0.016	-0.105	-0.099	0.074	-0.024	0.059	-0.017	-0.055	-0.081	0.039	-0.020	0.104	-0.017	-0.053	-0.023	0.086	-0.085	0.081	0.022	-0.021	0.011	-0.001	-0.055	-0.034	-0.140	0.004	0.001	1.026	0.078	-0.011	-0.143	-0.005	0.067	0.030	0.020	0.023	-0.107	-0.086	0.091	0.011	-0.077	0.065	0.028	-0.139	-0.056	0.040	-0.003	0.021	-0.108	-0.013	-0.013	0.029	-0.140	0.074	-0.027	-0.011	-0.137	0.090	-0.010	0.012	0.072	0.117
I7478	0.087	-0.093	-0.011	0.023	0.093	0.013	-0.095	0.038	-0.051	0.072	-0.080	-0.044	-0.074	-0.081	-0.012	-0.054	0.050	-0.054	-0.161	0.095	0.047	-0.065	0.126	-0.139	0.179	-0.022	0.087	-0.077	-0.015	-0.037	0.050	0.097	-0.087	0.026	-0.014	-0.070	-0.110	-0.087	0.084	-0.112	-0.086	-0.054	-0.042	-0.081	-0.004	-0.050	0.026	-0.062	0.138	0.047	-0.032	0.019	-0.010	0.048	0.014	0.019	-0.056	0.066	0.075	0.090	0.036	-0.142	0.101	-0.007	-0.037	0.078	0.977	-0.077	0.003	-0.129	0.048	0.020	0.029	-0.066	-0.007	-0.003	-0.049	0.205	-0.068	0.004	-0.124	-0.028	-0.082	0.088	-0.150	-0.064	0.085	-0.051	-0.027	0.050	-0.115	0.126	0.022	0.021	-0.128	-0.035	-0.017	0.017	-0.010	-0.086
I7482	-0.002	-0.025	-0.025	-0.128	-0.082	0.104	-0.102	-0.028	0.036	-0.107	-0.012	0.023	0.041	-0.041	-0.046	0.026	-0.016	0.057	0.114	-0.111	-0.003	0.007	0.139	0.004	-0.134	-0.021	-0.022	-0.052	-0.093	-0.102	-0.007	-0.133	-0.093	0.028	-0.017	0.151	0.032	0.048	0.034	-0.001	-0.014	-0.186	-0.206	-0.001	0.076	0.010	-0.122	0.116	-0.088	0.017	0.032	0.091	0.030	-0.002	-0.000	-0.027	0.118	-0.027	-0.038	-0.034	0.053	0.004	-0.012	-0.100	-0.075	-0.011	-0.077	0.980	-0.058	-0.057	-0.021	-0.038	-0.017	0.017	-0.049	0.057	0.019	0.084	-0.176	-0.019	0.027	0.017	0.135	-0.068	0.110	-0.027	0.035	-0.042	0.084	-0.087	0.094	-0.006	0.125	-0.072	-0.044	0.069	0.051	0.038	-0.075	-0.057
I7511	0.054	-0.051	0.063	-0.021	0.018	0.031	-0.034	0.033	-0.060	-0.192	-0.101	-0.077	0.027	-0.149	-0.013	-0.043	-0.187	-0.023	-0.072	-0.004	-0.177	-0.031	-0.039	-0.136	0.021	-0.027	0.172	-0.101	0.137	-0.065	-0.080	0.100	0.101	0.088	-0.039	-0.012	-0.139	-0.100	-0.035	0.083	-0.028	-0.004	-0.039	-0.094	0.066	0.031	-0.046	-0.016	-0.004	-0.064	0.030	-0.013	0.024	-0.027	-0.073	0.191	0.069	0.210	0.074	0.112	0.110	-0.077	0.057	0.031	-0.007	-0.143	0.003	-0.058	1.014	-0.157	-0.051	-0.009	0.095	0.062	0.109	-0.055	-0.058	-0.055	0.163	-0.154	0.181	-0.060	-0.044	-0.007	-0.014	-0.037	0.190	-0.044	-0.142	0.135	-0.089	0.062	-0.046	0.056	-0.102	0.019	-0.124	-0.055	0.099	-0.114
I7514	0.005	0.064	-0.007	-0.059	0.011	-0.030	-0.048	0.006	-0.059	0.064	-0.064	0.172	0.020	0.060	-0.090	-0.007	0.109	0.013	-0.008	0.005	0.079	0.014	-0.124	-0.029	0.026	-0.030	-0.121	-0.053	-0.105	0.140	-0.063	-0.017	0.035	0.089	-0.143	-0.109	0.102	0.086	0.049	-0.026	0.157	-0.011	0.103	-0.014	0.102	0.001	-0.068	-0.112	-0.132	-0.016	-0.016	0.047	-0.061	-0.065	0.014	0.106	-0.008	-0.024	-0.105	-0.098	0.044	0.023	-0.060	0.076	0.073	-0.005	-0.129	-0.057	-0.157	1.040	-0.156	0.055	0.029	0.008	0.067	-0.050	-0.010	-0.038	0.074	0.090	-0.127	-0.086	-0.137	-0.053	0.101	-0.111	-0.111	0.024	-0.157	-0.142	0.129	-0.050	0.034	0.037	0.014	-0.101	-0.087	-0.113	-0.064	0.322
I7522	-0.097	-0.151	0.045	0.118	-0.012	-0.084	-0.044	-0.005	0.028	-0.128	-0.044	-0.106	-0.062	-0.018	0.059	-0.088	-0.095	0.029	-0.098	-0.030	-0.054	0.077	-0.014	0.180	-0.091	0.065	0.048	-0.095	-0.026	-0.103	0.067	-0.012	-0.070	0.090	0.006	0.155	-0.141	0.024	0.049	-0.096	-0.125	-0.030	0.017	0.069	-0.074	-0.069	0.003	-0.002	0.166	0.083	0.059	-0.070	0.050	0.014	-0.032	-0.176	0.071	-0.055	-0.015	0.079	-0.053	-0.185	-0.040	-0.010	-0.021	0.067	0.048	-0.021	-0.051	-0.156	1.045	0.150	0.101	-0.019	-0.010	0.108	-0.068	-0.046	-0.047	0.016	-0.080	0.012	-0.058	0.140	-0.071	0.047	-0.032	-0.046	0.032	-0.032	-0.036	-0.062	0.062	0.081	-0.029	0.033	0.071	0.021	-0.040	-0.065
I6002	0.091	-0.120	0.012	0.176	0.046	-0.058	-0.178	-0.092	-0.059	-0.003	0.026	0.230	0.016	-0.034	-0.024	-0.035	0.030	-0.011	0.031	-0.023	-0.035	-0.081	-0.007	-0.017	0.072	-0.042	0.004	0.072	0.008	0.010	0.085	-0.060	-0.059	-0.001	-0.054	0.071	-0.095	-0.017	0.154	-0.128	0.004	-0.086	-0.074	-0.065	0.161	-0.152	-0.065	-0.015	0.146	-0.055	0.117	-0.075	0.009	0.032	-0.061	-0.016	-0.024	-0.040	-0.027	-0.059	0.032	-0.131	0.046	-0.144	0.025	0.030	0.020	-0.038	-0.009	0.055	0.150	0.957	0.006	0.075	-0.062	0.076	-0.022	-0.027	-0.087	0.003	-0.034	0.098	-0.102	-0.002	-0.127	0.026	-0.017	-0.035	-0.145	0.069	-0.092	0.016	0.041	-0.124	-0.065	-0.023	-0.040	0.040	-0.053	0.059
I6124	-0.014	-0.119	0.132	0.021	-0.031	0.077	-0.086	-0.063	-0.007	-0.052	0.051	-0.125	-0.124	-0.056	0.048	-0.092	-0.031	0.065	0.064	0.069	0.049	-0.099	0.077	-0.008	0.051	-0.126	0.045	-0.012	0.025	0.032	0.016	-0.094	-0.030	-0.003	-0.091	-0.104	-0.097	0.146	0.038	-0.060	-0.057	-0.017	-0.119	0.137	-0.026	0.089	-0.055	0.026	-0.041	-0.066	0.099	-0.003	-0.020	-0.092	-0.008	0.005	0.126	0.028	-0.139	-0.026	0.061	-0.023	-0.011	0.018	0.047	0.020	0.029	-0.017	0.095	0.029	0.101	0.006	1.047	-0.037	-0.096	-0.029	-0.083	-0.096	0.185	-0.156	0.090	-0.010	-0.014	-0.079	0.000	-0.011	-0.082	0.080	-0.010	-0.008	-0.015	0.025	0.074	-0.044	-0.201	-0.033	-0.129	-0.052	-0.000	0.010
I6135	-0.031	0.041	-0.054	0.031	-0.020	0.013	-0.036	-0.002	-0.036	-0.026	-0.068	0.046	-0.125	-0.089	0.031	-0.050	-0.002	-0.011	-0.063	-0.034	-0.121	-0.057	-0.003	-0.060	-0.053	-0.010	0.008	-0.069	0.083	-0.005	-0.107	0.081	-0.008	0.054	0.088	-0.027	0.031	-0.028	-0.089	0.060	0.094	-0.066	-0.054	-0.014	0.020	-0.007	-0.037	0.028	-0.090	0.011	-0.020	0.031	-0.030	0.056	-0.005	-0.012	0.097	-0.008	-0.066	-0.000	0.068	0.046	-0.029	0.005	0.045	0.023	-0.066	0.017	0.062	0.008	-0.019	0.075	-0.037	0.824	-0.019	0.107	0.045	-0.066	0.026	-0.004	0.053	-0.071	0.016	-0.038	-0.005	-0.013	0.097	-0.019	-0.055	0.061	-0.017	-0.051	-0.069	0.021	-0.085	-0.019	0.007	-0.101	-0.037	0.004
I6148	-0.086	0.049	0.021	-0.055	0.105	0.001	-0.060	-0.009	-0.039	-0.124	0.014	-0.009	-0.015	-0.081	0.012	0.021	-0.178	-0.065	-0.000	-0.160	-0.004	0.002	-0.074	0.093	0.053	0.080	0.087	-0.069	0.028	-0.005	-0.020	0.058	0.035	0.109	0.025	-0.003	-0.035	-0.071	-0.057	-0.104	0.095	0.036	0.083	-0.018	0.075	-0.156	-0.025	-0.054	0.056	0.070	0.012	0.074	-0.014	0.142	-0.190	-0.040	-0.044	-0.004	-0.074	-0.020	-0.073	-0.005	-0.127	0.064	0.085	-0.107	-0.007	-0.049	0.109	0.067	-0.010	-0.062	-0.096	-0.019	1.013	-0.081	0.025	0.028	-0.040	-0.008	0.006	-0.004	-0.035	0.045	0.015	-0.071	0.097	0.114	0.079	-0.088	-0.079	-0.101	-0.002	0.057	-0.006	-0.007	-0.009	-0.073	-0.112	-0.007
I6200	-0.069	0.049	0.029	0.106	-0.141	-0.022	-0.094	-0.134	-0.078	-0.092	-0.083	0.137	-0.046	-0.045	-0.117	-0.065	0.054	-0.033	0.063	-0.100	-0.003	-0.068	0.084	0.007	-0.189	0.132	0.103	0.140	-0.120	-0.126	0.055	0.078	0.032	-0.028	-0.053	0.010	0.118	0.059	-0.021	0.195	0.044	0.014	-0.132	-0.001	-0.062	-0.057	0.105	0.084	0.041	-0.027	0.118	0.000	0.057	0.088	-0.087	-0.129	0.063	-0.070	-0.058	-0.007	0.018	-0.189	0.070	-0.018	-0.162	-0.086	-0.003	0.057	-0.055	-0.050	0.108	0.076	-0.029	0.107	-0.081	1.049	-0.048	-0.022	-0.181	0.091	-0.009	0.052	-0.069	-0.033	-0.118	0.023	0.161	-0.050	-0.086	0.062	0.129	-0.128	0.003	-0.021	0.069	-0.057	0.059	-0.096	-0.174	-0.077
I6210	-0.045	-0.052	-0.033	0.013	-0.035	0.109	0.004	0.035	0.009	0.014	-0.063	0.063	0.053	-0.115	0.107	0.210	0.031	0.061	-0.015	0.022	-0.077	-0.048	0.026	0.094	0.039	0.054	0.026	-0.103	0.108	-0.110	-0.054	-0.047	-0.042	-0.035	0.023	0.081	0.013	0.044	-0.170	0.003	-0.085	-0.049	-0.064	-0.083	0.049	0.132	-0.024	-0.013	-0.100	0.021	-0.018	-0.062	0.046	0.010	-0.055	-0.058	0.028	0.024	0.049	-0.081	-0.041	0.016	-0.106	-0.045	-0.020	0.091	-0.049	0.019	-0.058	-0.010	-0.068	-0.022	-0.083	0.045	0.025	-0.048	0.929	-0.104	-0.027	-0.097	-0.114	-0.026	0.112	0.066	0.086	-0.074	0.004	-0.077	-0.101	-0.008	-0.062	0.010	-0.012	-0.024	0.109	-0.014	0.012	-0.045	-0.000	-0.053
I6228	0.032	-0.081	-0.105	-0.059	-0.063	0.060	-0.025	0.018	0.059	0.158	-0.025	-0.017	-0.051	-0.006	0.023	-0.046	0.108	-0.085	-0.024	0.017	0.040	-0.025	0.021	-0.115	0.041	0.041	0.001	-0.159	-0.074	-0.068	0.133	-0.001	0.047	-0.013	-0.018	-0.117	0.114	-0.012	-0.006	-0.081	0.157	-0.120	-0.015	-0.128	0.043	-0.054	0.034	0.009	0.162	0.168	-0.075	0.129	-0.049	0.037	0.120	-0.032	0.003	0.082	-0.035	-0.039	-0.058	0.038	-0.083	0.064	0.018	0.011	0.205	0.084	-0.055	-0.038	-0.046	-0.027	-0.096	-0.066	0.028	-0.022	-0.104	0.930	-0.126	0.098	-0.033	0.063	-0.086	-0.116	-0.119	-0.056	-0.052	-0.031	-0.074	-0.052	-0.052	-0.105	0.065	-0.073	0.096	0.017	-0.016	-0.113	-0.104	0.052
I6289	0.113	-0.047	0.011	-0.147	-0.057	-0.004	0.021	0.024	-0.057	0.031	0.021	-0.065	-0.091	-0.094	0.304	-0.083	-0.081	-0.079	0.049	0.070	-0.017	0.059	-0.169	0.001	0.044	0.012	0.074	-0.070	0.148	0.044	-0.088	0.005	-0.064	0.037	-0.023	-0.071	0.046	0.021	-0.129	-0.015	0.034	-0.032	-0.036	0.024	-0.009	0.325	-0.030	0.004	-0.193	-0.096	-0.080	0.006	-0.019	-0.177	-0.085	-0.025	0.116	0.100	0.038	-0.009	0.027	0.084	0.151	-0.004	0.161	-0.077	-0.068	-0.176	0.163	0.074	-0.047	-0.087	0.185	0.026	-0.040	-0.181	-0.027	-0.126	1.053	-0.155	0.075	-0.186	-0.040	0.024	-0.050	-0.097	-0.101	-0.060	0.042	-0.018	-0.144	0.129	-0.003	0.020	-0.133	0.078	0.010	-0.024	0.071	-0.068
I6296	0.074	0.091	-0.059	0.011	0.006	-0.031	0.026	-0.069	-0.099	0.173	0.006	0.049	0.019	0.063	-0.036	-0.176	0.080	-0.023	-0.146	0.028	0.027	0.040	-0.035	-0.073	-0.061	0.071	-0.232	-0.097	-0.032	0.073	-0.041	-0.084	0.015	0.057	-0.089	-0.059	0.125	0.077	0.009	-0.019	0.082	-0.019	0.090	0.193	-0.052	-0.102	0.072	-0.051	0.141	0.046	-0.032	0.038	-0.023	0.032	0.166	0.010	-0.041	-0.131	-0.024	-0.001	-0.125	-0.018	-0.120	-0.137	-0.038	0.065	0.004	-0.019	-0.154	0.090	0.016	0.003	-0.156	-0.004	-0.008	0.091	-0.097	0.098	-0.155	0.972	-0.093	0.093	-0.079	0.056	-0.104	-0.064	-0.017	-0.055	-0.028	-0.065	-0.041	-0.079	-0.010	0.123	0.107	-0.082	0.026	-0.110	-0.022	0.082
I6304	-0.006	0.089	0.147	-0.124	-0.093	-0.017	-0.031	-0.083	0.001	-0.158	0.024	0.071	-0.108	0.003	0.036	-0.049	-0.008	-0.072	0.107	0.077	-0.085	-0.008	-0.013	0.035	-0.040	-0.087	0.033	-0.028	0.092	-0.012	0.028	-0.019	0.040	-0.121	0.074	-0.111	0.033	-0.015	-0.091	0.042	0.049	-0.056	0.081	0.019	-0.057	-0.064	0.023	0.152	-0.096	-0.097	-0.030	0.040	0.019	0.061	-0.075	-0.042	0.056	0.005	-0.022	0.001	-0.045	-0.051	-0.019	-0.017	0.090	0.028	-0.124	0.027	0.181	-0.127	-0.080	-0.034	0.090	0.053	0.006	-0.009	-0.114	-0.033	0.075	-0.093	0.925	-0.022	0.065	-0.103	-0.031	-0.027	-0.066	-0.042	0.158	-0.055	-0.031	-0.010	0.015	-0.060	0.011	0.053	0.024	-0.056	-0.075	0.006
I6316	0.079	0.083	-0.113	-0.020	0.164	-0.168	0.049	-0.124	0.152	-0.035	0.002	-0.033	-0.016	-0.038	-0.166	0.052	0.033	-0.093	0.117	-0.117	0.062	-0.042	0.008	-0.112	-0.061	0.264	-0.102	0.068	-0.188	0.104	0.073	-0.056	-0.083	-0.029	0.040	0.071	-0.001	0.097	0.095	-0.062	-0.008	-0.003	-0.007	-0.042	0.035	-0.145	0.116	0.005	0.130	-0.036	-0.052	-0.001	-0.046	-0.046	-0.010	-0.138	-0.103	-0.056	-0.012	-0.052	0.016	-0.029	0.010	0.001	-0.101	-0.139	-0.028	0.017	-0.060	-0.086	0.012	0.098	-0.010	-0.071	-0.004	0.052	-0.026	0.063	-0.186	0.093	-0.022	1.023	0.086	-0.073	-0.112	0.124	-0.005	-0.012	-0.083	0.053	0.132	-0.082	0.072	-0.113	0.201	-0.137	-0.064	-0.007	0.057	-0.141
I6337	0.126	-0.006	-0.027	-0.189	0.015	0.013	-0.056	-0.025	0.066	-0.014	0.065	-0.099	0.118	-0.014	0.015	0.099	-0.052	0.092	0.078	-0.054	-0.078	-0.049	0.107	0.089	-0.049	-0.053	0.005	0.045	0.095	-0.037	0.007	-0.028	-0.000	-0.130	0.206	0.217	-0.083	-0.001	-0.116	-0.085	0.008	-0.262	-0.140	0.096	-0.027	-0.042	0.030	0.366	-0.062	-0.047	0.004	0.105	-0.045	-0.120	-0.119	-0.024	-0.099	-0.040	-0.098	-0.016	0.048	-0.040	0.101	-0.101	0.049	-0.056	-0.082	0.135	-0.044	-0.137	-0.058	-0.102	-0.014	0.016	-0.035	-0.069	0.112	-0.086	-0.040	-0.079	0.065	0.086	1.177	-0.084	-0.021	-0.048	0.113	-0.051	-0.086	-0.033	-0.029	-0.078	-0.072	-0.069	-0.065	0.162	-0.016	0.029	-0.025	-0.152
I6391	0.053	-0.064	-0.010	0.044	0.075	-0.052	0.126	-0.047	0.150	-0.005	-0.047	-0.161	0.013	-0.044	-0.030	-0.068	-0.047	0.093	-0.023	-0.068	0.013	0.050	0.022	-0.024	0.019	-0.032	0.061	0.058	-0.081	0.039	-0.007	0.130	-0.089	0.000	-0.079	0.018	-0.081	-0.101	-0.052	-0.107	-0.093	0.167	0.045	0.007	-0.034	0.018	0.086	-0.084	0.096	0.068	-0.018	-0.129	-0.005	-0.001	0.106	-0.085	0.028	-0.054	0.088	-0.042	-0.029	-0.098	-0.035	-0.021	-0.095	0.040	0.088	-0.068	-0.007	-0.053	0.140	-0.002	-0.079	-0.038	0.045	-0.033	0.066	-0.116	0.024	0.056	-0.103	-0.073	-0.084	0.968	-0.059	-0.055	0.036	-0.096	-0.018	0.016	-0.055	-0.006	-0.087	0.031	-0.009	0.085	-0.035	0.042	-0.063	-0.030
I6439	-0.158	0.094	0.046	-0.006	-0.030	0.070	0.107	-0.082	-0.033	-0.114	-0.074	0.087	0.085	0.094	-0.049	0.148	-0.015	0.003	0.041	0.058	0.038	0.028	-0.013	0.162	0.004	0.035	-0.182	0.020	-0.072	0.099	-0.010	-0.085	0.029	-0.081	-0.220	-0.060	0.088	-0.038	-0.000	0.114	-0.037	-0.052	0.023	0.055	0.049	-0.012	-0.113	-0.107	-0.091	-0.065	-0.159	0.009	0.027	0.113	0.036	0.037	-0.081	-0.128	-0.064	-0.151	-0.012	0.229	-0.132	0.035	0.000	-0.003	-0.150	0.110	-0.014	0.101	-0.071	-0.127	0.000	-0.005	0.015	-0.118	0.086	-0.119	-0.050	-0.104	-0.031	-0.112	-0.021	-0.059	1.064	-0.073	-0.081	-0.005	0.038	-0.144	0.036	-0.001	0.106	0.126	-0.000	0.050	0.072	-0.063	-0.015	0.026
I6501	-0.087	0.094	-0.114	0.108	-0.112	0.082	-0.081	0.044	0.030	0.004	0.142	0.029	-0.048	0.004	0.057	0.055	0.032	0.070	0.045	0.062	0.030	0.020	-0.055	-0.011	0.063	-0.027	0.019	-0.035	0.046	-0.018	-0.030	-0.093	0.143	-0.093	0.016	0.023	-0.009	0.041	-0.035	-0.027	-0.017	0.094	-0.048	0.016	-0.205	-0.118	-0.070	-0.134	0.007	0.092	-0.060	-0.065	-0.149	-0.008	-0.113	-0.065	-0.136	-0.022	-0.060	0.143	0.023	0.060	0.072	0.035	-0.082	0.021	-0.064	-0.027	-0.037	-0.111	0.047	0.026	-0.011	-0.013	-0.071	0.023	-0.074	-0.056	-0.097	-0.064	-0.027	0.124	-0.048	-0.055	-0.073	1.053	-0.034	0.073	0.128	0.040	0.052	-0.028	-0.078	0.008	-0.027	-0.056	-0.065	0.031	0.044	-0.134
I6631	0.034	0.004	-0.036	0.034	0.076	-0.036	-0.054	0.009	0.104	-0.189	-0.148	-0.050	0.109	-0.079	-0.139	0.078	-0.160	-0.032	-0.065	-0.079	-0.111	-0.019	0.039	-0.101	-0.074	0.020	0.168	-0.058	-0.091	-0.030	-0.045	0.198	-0.068	0.092	0.020	0.027	-0.076	-0.120	0.004	0.028	-0.139	-0.075	-0.091	-0.082	0.120	0.015	0.111	-0.008	0.027	-0.065	0.065	-0.057	0.102	0.058	-0.007	0.065	0.033	0.018	-0.021	0.120	0.039	-0.109	0.064	-0.075	-0.090	-0.108	0.085	0.035	0.190	-0.111	-0.032	-0.017	-0.082	0.097	0.097	0.161	0.004	-0.052	-0.101	-0.017	-0.066	-0.005	0.113	0.036	-0.081	-0.034	0.923	-0.060	-0.025	0.166	0.044	-0.076	-0.070	0.020	-0.106	-0.040	-0.022	0.031	0.001	-0.099
I6753	-0.011	-0.061	-0.078	0.047	-0.028	-0.011	0.034	-0.033	-0.024	-0.058	0.026	-0.013	-0.012	-0.042	-0.016	-0.011	0.014	-0.050	-0.103	-0.117	-0.059	-0.041	-0.011	-0.017	0.006	0.045	0.024	0.088	0.012	-0.005	-0.028	-0.025	-0.016	0.062	-0.042	-0.062	-0.055	0.054	-0.054	0.001	-0.106	-0.019	-0.007	0.072	-0.035	-0.027	-0.072	-0.066	-0.039	-0.016	-0.028	0.117	-0.077	0.028	0.030	0.101	-0.119	-0.052	0.051	0.011	0.134	0.065	0.026	0.032	0.108	-0.013	-0.051	-0.042	-0.044	0.024	-0.046	-0.035	0.080	-0.019	0.114	-0.050	-0.077	-0.031	-0.060	-0.055	-0.042	-0.012	-0.051	-0.096	-0.005	0.073	-0.060	0.942	0.102	-0.025	0.132	-0.035	-0.037	0.049	-0.069	0.001	-0.072	0.013	-0.010	0.067
I6810	-0.145	-0.022	-0.031	0.003	-0.099	-0.015	-0.005	0.025	0.027	-0.054	0.230	-0.045	-0.161	0.126	-0.040	-0.007	-0.022	0.095	0.026	-0.027	0.023	0.013	-0.031	0.034	0.029	-0.113	0.043	0.096	0.047	0.112	-0.040	-0.158	-0.024	0.003	0.005	-0.074	0.082	-0.048	-0.011	-0.018	-0.020	0.099	0.020	0.139	-0.185	-0.054	-0.014	-0.035	-0.102	-0.060	-0.079	0.109	-0.050	-0.035	0.069	-0.142	-0.021	-0.174	0.035	0.101	-0.078	0.053	0.104	-0.011	0.025	-0.013	-0.027	0.084	-0.142	-0.157	0.032	-0.145	-0.010	-0.055	0.079	-0.086	-0.101	-0.074	0.042	-0.028	0.158	-0.083	-0.086	-0.018	0.038	0.128	-0.025	0.102	1.055	-0.139	-0.002	-0.059	-0.093	0.009	-0.081	-0.031	0.175	0.154	-0.085	-0.039
I6816	-0.021	-0.134	0.038	0.049	0.170	-0.126	0.056	0.110	0.170	-0.107	-0.070	-0.089	0.026	-0.059	0.014	-0.056	-0.133	0.050	-0.034	0.097	-0.123	-0.043	-0.013	-0.144	-0.039	0.055	0.089	0.094	0.128	-0.070	-0.073	0.076	-0.057	0.009	0.031	0.082	-0.116	-0.034	0.023	0.055	-0.155	-0.036	-0.115	-0.012	0.002	0.074	-0.007	0.031	0.022	-0.128	0.159	-0.081	0.086	-0.107	-0.054	0.076	0.009	0.158	-0.041	0.100	0.078	-0.187	0.048	-0.024	-0.059	0.029	0.050	-0.087	0.135	-0.142	-0.032	0.069	-0.008	0.061	-0.088	0.062	-0.008	-0.052	-0.018	-0.065	-0.055	0.053	-0.033	0.016	-0.144	0.040	0.166	-0.025	-0.139	0.950	0.017	-0.033	-0.094	-0.020	-0.059	-0.017	-0.101	-0.064	-0.039	-0.044
I6849	-0.142	0.035	-0.091	0.030	-0.026	0.078	0.135	-0.019	0.065	-0.106	-0.030	0.134	-0.001	0.110	-0.178	-0.067	0.150	-0.067	0.068	-0.099	0.030	0.020	0.050	-0.160	-0.043	0.031	-0.079	0.208	-0.205	0.040	-0.045	-0.073	-0.006	-0.026	0.004	-0.103	0.116	0.104	0.031	0.067	-0.033	-0.087	-0.024	-0.043	0.003	0.004	0.040	-0.032	-0.111	-0.080	0.108	-0.022	-0.066	-0.071	0.072	-0.041	-0.057	0.025	0.007	0.030	0.094	0.021	0.072	-0.059	-0.058	-0.140	-0.115	0.094	-0.089	0.129	-0.036	-0.092	-0.015	-0.017	-0.079	0.129	-0.062	-0.052	-0.144	-0.041	-0.031	0.132	-0.029	-0.055	0.036	0.052	0.044	0.132	-0.002	0.017	0.959	-0.170	-0.039	-0.004	0.082	-0.177	0.033	-0.130	0.008	0.038
I6885	0.005	0.056	0.044	0.004	-0.040	-0.105	-0.091	0.018	-0.075	0.107	-0.045	-0.013	0.047	0.029	0.066	-0.081	-0.080	-0.003	-0.020	-0.026	0.063	0.120	0.044	-0.033	0.030	-0.002	0.032	-0.010	0.012	-0.021	-0.024	-0.032	-0.024	-0.091	0.025	-0.011	-0.051	-0.052	0.056	0.033	-0.015	0.013	0.072	-0.104	-0.051	0.060	-0.100	-0.058	0.016	-0.043	0.023	-0.099	0.010	0.017	-0.100	0.164	-0.016	0.031	0.032	-0.043	-0.003	0.046	0.089	-0.046	0.084	0.074	0.126	-0.006	0.062	-0.050	-0.062	0.016	0.025	-0.051	-0.101	-0.128	0.010	-0.105	0.129	-0.079	-0.010	-0.082	-0.078	-0.006	-0.001	-0.028	-0.076	-0.035	-0.059	-0.033	-0.170	0.856	-0.033	-0.030	-0.069	0.001	-0.060	0.052	0.108	0.055
I6891	0.065	-0.071	0.132	0.084	-0.011	0.062	-0.098	-0.130	-0.038	-0.060	-0.055	0.067	-0.018	-0.170	-0.097	0.042	0.008	-0.009	-0.050	-0.037	-0.018	-0.000	-0.009	0.122	-0.130	-0.048	-0.100	-0.126	-0.104	-0.074	0.181	-0.019	-0.112	-0.007	-0.138	-0.056	0.080	0.091	0.011	0.054	0.014	-0.158	0.042	-0.040	0.210	-0.068	0.047	-0.001	-0.021	0.005	-0.081	-0.034	0.054	0.026	-0.016	-0.050	0.099	-0.152	-0.014	-0.132	0.038	0.059	0.083	0.050	-0.055	-0.027	0.022	0.125	-0.046	0.034	0.062	0.041	0.074	-0.069	-0.002	0.003	-0.012	0.065	-0.003	-0.010	0.015	0.072	-0.072	-0.087	0.106	-0.078	-0.070	-0.037	-0.093	-0.094	-0.039	-0.033	0.988	-0.114	0.066	0.046	0.013	0.022	-0.024	0.037
I6947	0.069	0.081	-0.033	-0.105	-0.023	-0.150	-0.055	0.184	-0.062	0.014	-0.055	-0.039	-0.089	-0.045	-0.042	-0.143	-0.087	-0.139	-0.160	0.030	0.033	0.042	-0.076	-0.024	-0.024	0.030	0.073	-0.087	0.006	0.059	-0.078	-0.117	0.138	-0.019	0.003	0.034	0.017	0.067	-0.080	-0.107	0.080	0.038	0.002	0.121	-0.065	0.234	-0.098	-0.139	-0.010	0.028	-0.058	-0.074	0.062	0.108	-0.047	0.048	-0.054	0.091	-0.049	0.158	-0.186	-0.047	0.020	-0.084	0.019	-0.011	0.021	-0.072	0.056	0.037	0.081	-0.124	-0.044	0.021	0.057	-0.021	-0.024	-0.073	0.020	0.123	-0.060	-0.113	-0.069	0.031	0.126	0.008	0.020	0.049	0.009	-0.020	-0.004	-0.030	-0.114	1.109	-0.040	-0.037	-0.113	0.038	0.007	0.017
I6950	-0.030	0.050	-0.014	-0.011	-0.003	0.085	0.008	-0.028	-0.019	0.022	0.023	0.125	0.025	0.136	0.017	-0.065	0.102	-0.107	0.036	-0.127	0.044	-0.103	0.112	0.078	-0.103	0.069	-0.069	0.054	-0.136	-0.047	-0.027	-0.078	0.119	0.016	-0.088	0.010	0.079	-0.007	0.010	-0.060	0.103	-0.029	0.171	-0.146	-0.038	-0.013	0.184	0.022	0.006	-0.054	0.021	-0.050	0.172	-0.053	-0.059	-0.129	-0.051	-0.003	0.045	-0.070	-0.112	-0.090	-0.016	0.053	-0.044	-0.137	-0.128	-0.044	-0.102	0.014	-0.029	-0.065	-0.201	-0.085	-0.006	0.069	0.109	0.096	-0.133	0.107	0.011	0.201	-0.065	-0.009	-0.000	-0.027	-0.106	-0.069	-0.081	-0.059	0.082	-0.069	0.066	-0.040	1.113	-0.132	-0.066	-0.092	-0.071	0.033
I7072	0.064	-0.045	0.033	-0.129	0.109	0.088	-0.040	-0.009	-0.094	-0.018	-0.021	-0.111	0.071	-0.057	0.086	-0.018	-0.099	0.147	0.011	0.001	-0.066	-0.072	-0.030	0.164	-0.084	-0.065	-0.034	-0.080	0.126	-0.068	0.125	-0.044	-0.016	-0.060	-0.045	-0.003	-0.106	-0.106	-0.065	0.006	-0.117	0.029	-0.026	-0.123	0.032	-0.093	-0.029	0.099	0.095	0.098	-0.074	0.086	-0.049	-0.050	-0.040	0.027	0.106	-0.051	-0.019	-0.008	0.048	-0.001	-0.099	-0.065	-0.041	0.090	-0.035	0.069	0.019	-0.101	0.033	-0.023	-0.033	-0.019	-0.007	-0.057	-0.014	0.017	0.078	-0.082	0.053	-0.137	0.162	0.085	0.050	-0.056	-0.040	0.001	-0.031	-0.017	-0.177	0.001	0.046	-0.037	-0.132	0.994	-0.004	0.064	0.046	0.017
I7087	-0.036	0.075	-0.063	-0.064	-0.131	-0.020	0.115	-0.085	-0.013	-0.043	0.005	0.037	-0.013	-0.024	-0.009	0.039	0.099	0.086	-0.002	-0.079	-0.013	0.087	-0.063	0.099	-0.050	-0.008	-0.044	0.063	0.019	0.045	0.037	0.072	-0.060	-0.002	0.063	-0.094	0.183	-0.124	-0.102	-0.007	-0.068	-0.039	0.031	0.059	-0.119	-0.035	0.017	-0.032	0.019	-0.021	-0.052	0.088	-0.019	-0.055	-0.007	-0.123	0.006	-0.061	-0.005	-0.017	-0.098	0.131	-0.046	0.023	0.032	-0.010	-0.017	0.051	-0.124	-0.087	0.071	-0.040	-0.129	0.007	-0.009	0.059	0.012	-0.016	0.010	0.026	0.024	-0.064	-0.016	-0.035	0.072	-0.065	-0.022	-0.072	0.175	-0.101	0.033	-0.060	0.013	-0.113	-0.066	-0.004	0.994	-0.059	-0.078	0.054
I7090	0.009	-0.029	-0.018	-0.019	0.161	-0.155	-0.083	-0.032	0.157	-0.010	0.258	-0.091	0.052	-0.045	0.004	0.331	0.030	-0.018	-0.016	-0.049	-0.066	0.006	-0.046	0.015	0.018	-0.143	0.064	0.006	0.032	0.031	0.016	-0.032	-0.023	0.015	0.096	0.092	-0.105	-0.090	0.057	-0.009	-0.105	0.041	-0.077	0.132	0.044	-0.041	0.026	-0.022	-0.054	0.000	-0.035	-0.079	-0.033	-0.096	-0.087	-0.051	-0.059	-0.059	0.064	-0.015	-0.026	-0.103	0.109	-0.057	-0.041	0.012	0.017	0.038	-0.055	-0.113	0.021	0.040	-0.052	-0.101	-0.073	-0.096	-0.045	-0.113	-0.024	-0.110	-0.056	-0.007	0.029	0.042	-0.063	0.031	0.031	0.013	0.154	-0.064	-0.130	0.052	0.022	0.038	-0.092	0.064	-0.059	0.908	0.046	-0.050
I7105	0.132	0.062	-0.084	-0.010	0.068	-0.095	-0.003	0.110	-0.112	0.015	-0.039	-0.070	0.033	-0.036	0.045	0.003	-0.023	-0.150	-0.046	-0.025	-0.018	-0.055	-0.084	-0.113	0.074	-0.012	-0.088	-0.028	0.073	0.004	0.060	0.040	0.021	-0.066	0.090	-0.060	-0.100	-0.003	-0.001	0.156	-0.069	0.081	0.042	-0.040	-0.041	0.085	-0.086	-0.091	-0.080	0.072	-0.053	-0.073	-0.008	-0.150	-0.074	0.009	0.056	0.040	0.277	0.021	0.156	0.044	0.036	0.054	-0.067	0.072	-0.010	-0.075	0.099	-0.064	-0.040	-0.053	-0.000	-0.037	-0.112	-0.174	-0.000	-0.104	0.071	-0.022	-0.075	0.057	-0.025	-0.063	-0.015	0.044	0.001	-0.010	-0.085	-0.039	0.008	0.108	-0.024	0.007	-0.071	0.046	-0.078	0.046	0.894	-0.076
I7108	-0.105	-0.022	0.126	0.078	-0.008	-0.085	0.058	0.053	0.011	0.131	-0.095	0.042	0.012	0.139	-0.039	-0.128	0.046	0.037	-0.004	-0.085	0.043	0.037	-0.030	-0.013	0.022	-0.159	-0.211	-0.084	-0.137	-0.107	0.011	-0.060	0.161	-0.005	-0.195	-0.124	0.055	0.043	0.053	-0.034	0.142	-0.034	0.142	-0.010	-0.110	-0.132	-0.001	-0.097	0.099	0.047	-0.079	-0.063	0.068	-0.007	0.065	0.196	0.050	-0.044	-0.074	-0.039	-0.054	-0.001	-0.127	0.017	0.010	0.117	-0.086	-0.057	-0.114	0.322	-0.065	0.059	0.010	0.004	-0.007	-0.077	-0.053	0.052	-0.068	0.082	0.006	-0.141	-0.152	-0.030	0.026	-0.134	-0.099	0.067	-0.039	-0.044	0.038	0.055	0.037	0.017	0.033	0.017	0.054	-0.050	-0.076	0.907
